Language,Provider,Filename,Lines,Code,Comments,Blanks,Complexity,Bytes,ULOC
YAML,/.travis.yml,.travis.yml,9,7,0,2,0,107,8
Java,/plugins/embeddedjsp/src/main/java/org/apache/struts2/jasper/xmlparser/ASCIIReader.java,ASCIIReader.java,204,56,128,20,4,7002,137
Java,/core/src/main/java/org/apache/struts2/views/xslt/AbstractAdapterElement.java,AbstractAdapterElement.java,141,83,27,31,2,3907,74
Java,/core/src/main/java/org/apache/struts2/views/xslt/AbstractAdapterNode.java,AbstractAdapterNode.java,381,252,50,79,12,10527,192
Java,/core/src/main/java/org/apache/struts2/config/AbstractBeanSelectionProvider.java,AbstractBeanSelectionProvider.java,99,75,8,16,10,3888,71
Java,/apps/showcase/src/main/java/org/apache/struts2/showcase/action/AbstractCRUDAction.java,AbstractCRUDAction.java,96,51,31,14,11,2906,72
Java,/core/src/main/java/org/apache/struts2/views/jsp/ui/AbstractClosingTag.java,AbstractClosingTag.java,40,12,22,6,0,1273,31
Java,/plugins/javatemplates/src/test/java/org/apache/struts2/views/java/simple/AbstractCommonAttributesTest.java,AbstractCommonAttributesTest.java,66,31,20,15,0,2056,38
Java,/apps/showcase/src/main/java/org/apache/struts2/showcase/dao/AbstractDao.java,AbstractDao.java,78,40,23,15,0,2269,53
Java,/core/src/main/java/org/apache/struts2/views/velocity/components/AbstractDirective.java,AbstractDirective.java,163,77,65,21,16,6453,120
Java,/core/src/main/java/org/apache/struts2/views/jsp/ui/AbstractDoubleListTag.java,AbstractDoubleListTag.java,391,285,22,84,0,10670,238
Java,/plugins/gxp/src/main/java/org/apache/struts2/views/gxp/AbstractGxp.java,AbstractGxp.java,365,219,105,41,28,12828,233
Java,/plugins/gxp/src/main/java/org/apache/struts2/views/gxp/AbstractGxpResult.java,AbstractGxpResult.java,134,49,68,17,6,4449,96
Java,/core/src/main/java/com/opensymphony/xwork2/interceptor/AbstractInterceptor.java,AbstractInterceptor.java,42,9,27,6,0,1152,29
Java,/core/src/main/java/org/apache/struts2/views/jsp/ui/AbstractListTag.java,AbstractListTag.java,83,48,22,13,0,2498,60
Java,/core/src/main/java/com/opensymphony/xwork2/config/impl/AbstractMatcher.java,AbstractMatcher.java,268,109,126,33,28,8650,175
Java,/plugins/javatemplates/src/main/java/org/apache/struts2/views/java/simple/AbstractMessageListHandler.java,AbstractMessageListHandler.java,76,35,31,10,4,2636,63
Java,/core/src/main/java/org/apache/struts2/dispatcher/multipart/AbstractMultiPartRequest.java,AbstractMultiPartRequest.java,112,51,42,19,2,3358,70
Java,/core/src/main/java/org/apache/struts2/views/jsp/ui/AbstractRequiredListTag.java,AbstractRequiredListTag.java,38,9,22,7,0,1193,29
Java,/core/src/main/java/com/opensymphony/xwork2/util/classloader/AbstractResourceStore.java,AbstractResourceStore.java,50,27,15,8,2,1532,38
Java,/plugins/javatemplates/src/main/java/org/apache/struts2/views/java/simple/AbstractTagHandler.java,AbstractTagHandler.java,98,60,20,18,12,3114,63
Java,/core/src/test/java/org/apache/struts2/views/jsp/AbstractTagTest.java,AbstractTagTest.java,152,92,38,22,0,5447,123
Java,/plugins/javatemplates/src/test/java/org/apache/struts2/views/java/simple/AbstractTest.java,AbstractTest.java,204,147,22,35,7,8102,149
Java,/core/src/main/java/org/apache/struts2/views/jsp/ui/AbstractUITag.java,AbstractUITag.java,316,235,25,56,3,9071,213
Java,/core/src/main/java/org/apache/struts2/views/jsp/ui/AbstractUITagBeanInfo.java,AbstractUITagBeanInfo.java,75,37,26,12,2,3077,61
Java,/core/src/test/java/org/apache/struts2/views/jsp/AbstractUITagTest.java,AbstractUITagTest.java,295,142,118,35,25,12483,193
Java,/apps/showcase/src/main/java/org/apache/struts2/showcase/validation/AbstractValidationActionSupport.java,AbstractValidationActionSupport.java,36,10,22,4,0,1133,29
Java,/core/src/main/java/com/opensymphony/xwork2/security/AcceptedPatternsChecker.java,AcceptedPatternsChecker.java,82,37,29,16,0,2215,49
Java,/plugins/convention/src/main/java/org/apache/struts2/convention/annotation/Action.java,Action.java,102,16,78,8,0,3627,76
Java,/core/src/main/java/com/opensymphony/xwork2/Action.java,Action.java,85,9,67,9,0,2871,61
Java,/plugins/convention/src/test/java/org/apache/struts2/convention/actions/namespace4/ActionAndPackageLevelNamespacesAction.java,ActionAndPackageLevelNamespacesAction.java,33,11,20,2,0,1190,31
Java,/core/src/main/java/com/opensymphony/xwork2/spring/interceptor/ActionAutowiringInterceptor.java,ActionAutowiringInterceptor.java,142,51,78,13,8,5571,108
Java,/core/src/test/java/com/opensymphony/xwork2/spring/interceptor/ActionAutowiringInterceptorTest.java,ActionAutowiringInterceptorTest.java,112,72,8,32,0,4225,53
Java,/apps/showcase/src/main/java/org/apache/struts2/showcase/actionchaining/ActionChain1.java,ActionChain1.java,42,15,20,7,0,1387,32
Java,/apps/showcase/src/main/java/org/apache/struts2/showcase/actionchaining/ActionChain2.java,ActionChain2.java,52,22,20,10,0,1636,37
Java,/apps/showcase/src/main/java/org/apache/struts2/showcase/actionchaining/ActionChain3.java,ActionChain3.java,63,29,20,14,0,1886,42
Java,/core/src/main/java/com/opensymphony/xwork2/ActionChainResult.java,ActionChainResult.java,290,129,116,45,38,10258,177
Java,/apps/showcase/src/test/java/it/org/apache/struts2/showcase/ActionChainingTest.java,ActionChainingTest.java,30,9,20,1,0,1264,28
Java,/core/src/main/java/org/apache/struts2/components/ActionComponent.java,ActionComponent.java,337,189,109,39,27,13404,244
Java,/core/src/test/java/org/apache/struts2/components/ActionComponentTest.java,ActionComponentTest.java,55,28,20,7,0,2271,46
Java,/core/src/main/java/com/opensymphony/xwork2/config/entities/ActionConfig.java,ActionConfig.java,359,250,49,60,42,12224,210
Java,/plugins/convention/src/main/java/org/apache/struts2/convention/ActionConfigBuilder.java,ActionConfigBuilder.java,42,6,33,3,0,1452,37
Java,/core/src/main/java/com/opensymphony/xwork2/config/impl/ActionConfigMatcher.java,ActionConfigMatcher.java,125,62,50,13,5,5262,102
Java,/core/src/test/java/com/opensymphony/xwork2/config/impl/ActionConfigMatcherTest.java,ActionConfigMatcherTest.java,182,122,25,35,5,8149,126
Java,/core/src/test/java/com/opensymphony/xwork2/config/entities/ActionConfigTest.java,ActionConfigTest.java,44,20,18,6,0,1752,34
Java,/core/src/main/java/com/opensymphony/xwork2/ActionContext.java,ActionContext.java,360,115,197,48,7,10537,186
Java,/core/src/test/java/com/opensymphony/xwork2/ActionContextTest.java,ActionContextTest.java,115,74,20,21,0,4453,84
Java,/core/src/test/java/com/opensymphony/xwork2/ActionContextThreadLocalTest.java,ActionContextThreadLocalTest.java,42,14,21,7,0,1239,32
Java,/core/src/main/java/org/apache/struts2/views/velocity/components/ActionDirective.java,ActionDirective.java,43,14,23,6,0,1437,34
Java,/core/src/main/java/org/apache/struts2/components/ActionError.java,ActionError.java,91,38,43,10,4,2968,69
Java,/core/src/main/java/org/apache/struts2/views/velocity/components/ActionErrorDirective.java,ActionErrorDirective.java,43,14,23,6,0,1435,34
Java,/plugins/javatemplates/src/main/java/org/apache/struts2/views/java/simple/ActionErrorHandler.java,ActionErrorHandler.java,32,10,20,2,0,1109,28
Java,/core/src/main/java/org/apache/struts2/views/freemarker/tags/ActionErrorModel.java,ActionErrorModel.java,43,14,23,6,0,1418,34
Java,/core/src/main/java/org/apache/struts2/views/jsp/ui/ActionErrorTag.java,ActionErrorTag.java,56,21,24,11,0,1696,40
Java,/core/src/test/java/org/apache/struts2/views/jsp/ui/ActionErrorTagTest.java,ActionErrorTagTest.java,165,108,25,32,4,5294,89
Java,/plugins/javatemplates/src/test/java/org/apache/struts2/views/java/simple/ActionErrorTest.java,ActionErrorTest.java,92,58,21,13,0,3046,59
Java,/core/src/main/java/com/opensymphony/xwork2/ActionEventListener.java,ActionEventListener.java,41,6,32,3,0,1352,33
Java,/core/src/main/java/com/opensymphony/xwork2/factory/ActionFactory.java,ActionFactory.java,27,6,15,6,0,696,20
Java,/core/src/main/java/com/opensymphony/xwork2/ActionInvocation.java,ActionInvocation.java,195,21,154,20,0,6777,109
Java,/core/src/test/java/com/opensymphony/xwork2/ActionInvocationTest.java,ActionInvocationTest.java,113,73,20,20,2,4437,83
Java,/plugins/convention/src/test/java/org/apache/struts2/convention/actions/interceptor/ActionLevelInterceptor2Action.java,ActionLevelInterceptor2Action.java,42,14,25,3,0,1513,37
Java,/plugins/convention/src/test/java/org/apache/struts2/convention/actions/interceptor/ActionLevelInterceptor3Action.java,ActionLevelInterceptor3Action.java,42,14,25,3,0,1518,37
Java,/plugins/convention/src/test/java/org/apache/struts2/convention/actions/interceptor/ActionLevelInterceptorAction.java,ActionLevelInterceptorAction.java,48,18,25,5,0,1700,38
Java,/plugins/convention/src/test/java/org/apache/struts2/convention/actions/namespace/ActionLevelNamespaceAction.java,ActionLevelNamespaceAction.java,35,8,25,2,0,1149,31
Java,/plugins/convention/src/test/java/org/apache/struts2/convention/actions/namespace3/ActionLevelNamespacesAction.java,ActionLevelNamespacesAction.java,34,12,20,2,0,1213,32
Java,/plugins/convention/src/test/java/org/apache/struts2/convention/actions/result/ActionLevelResultAction.java,ActionLevelResultAction.java,38,11,25,2,0,1276,34
Java,/plugins/convention/src/test/java/org/apache/struts2/convention/actions/result/ActionLevelResultsAction.java,ActionLevelResultsAction.java,41,14,25,2,0,1499,37
Java,/plugins/convention/src/test/java/org/apache/struts2/convention/actions/result/ActionLevelResultsNamesAction.java,ActionLevelResultsNamesAction.java,47,19,25,3,0,1608,38
Java,/core/src/main/java/org/apache/struts2/dispatcher/mapper/ActionMapper.java,ActionMapper.java,80,8,65,7,0,2927,56
Java,/core/src/main/java/org/apache/struts2/dispatcher/mapper/ActionMapping.java,ActionMapping.java,176,75,79,22,5,4372,101
Java,/core/src/main/java/org/apache/struts2/interceptor/ActionMappingParametersInteceptor.java,ActionMappingParametersInteceptor.java,110,24,79,7,3,3997,82
Java,/core/src/main/java/org/apache/struts2/components/ActionMessage.java,ActionMessage.java,89,38,41,10,4,2982,69
Java,/core/src/main/java/org/apache/struts2/views/velocity/components/ActionMessageDirective.java,ActionMessageDirective.java,43,14,23,6,0,1445,34
Java,/plugins/javatemplates/src/main/java/org/apache/struts2/views/java/simple/ActionMessageHandler.java,ActionMessageHandler.java,33,10,20,3,0,1115,28
Java,/core/src/main/java/org/apache/struts2/views/freemarker/tags/ActionMessageModel.java,ActionMessageModel.java,43,14,23,6,0,1428,34
Java,/core/src/main/java/org/apache/struts2/views/jsp/ui/ActionMessageTag.java,ActionMessageTag.java,57,22,24,11,0,1761,41
Java,/core/src/test/java/org/apache/struts2/views/jsp/ui/ActionMessageTagTest.java,ActionMessageTagTest.java,167,107,29,31,4,5544,98
Java,/plugins/javatemplates/src/test/java/org/apache/struts2/views/java/simple/ActionMessageTest.java,ActionMessageTest.java,93,57,21,15,0,2977,58
Java,/core/src/main/java/org/apache/struts2/views/freemarker/tags/ActionModel.java,ActionModel.java,43,14,23,6,0,1420,34
Java,/plugins/convention/src/test/java/org/apache/struts2/convention/actions/action/ActionNameAction.java,ActionNameAction.java,40,12,25,3,0,1167,33
Java,/plugins/convention/src/main/java/org/apache/struts2/convention/ActionNameBuilder.java,ActionNameBuilder.java,37,4,32,1,0,1251,34
Java,/plugins/config-browser/src/main/java/org/apache/struts2/config_browser/ActionNamesAction.java,ActionNamesAction.java,114,66,29,19,7,3199,79
Java,/plugins/convention/src/test/java/org/apache/struts2/convention/actions/action/ActionNamesAction.java,ActionNamesAction.java,39,12,25,2,0,1208,35
Java,/core/src/test/java/com/opensymphony/xwork2/ActionNestingTest.java,ActionNestingTest.java,143,93,26,24,0,5867,98
Java,/plugins/sitegraph/src/main/java/org/apache/struts2/sitegraph/model/ActionNode.java,ActionNode.java,34,9,22,3,0,1049,28
Java,/plugins/convention/src/test/java/org/apache/struts2/convention/actions/params/ActionParamsMethodLevelAction.java,ActionParamsMethodLevelAction.java,49,22,20,7,0,1519,38
Java,/core/src/main/java/com/opensymphony/xwork2/ActionProxy.java,ActionProxy.java,105,14,77,14,0,3075,62
Java,/core/src/main/java/com/opensymphony/xwork2/ActionProxyFactory.java,ActionProxyFactory.java,83,8,67,8,0,4000,51
Java,/core/src/main/java/com/opensymphony/xwork2/ActionSupport.java,ActionSupport.java,291,153,90,48,6,9530,160
Properties File,/core/src/test/resources/com/opensymphony/xwork2/ActionSupportTest$MyActionSupport_da.properties,ActionSupportTest$MyActionSupport_da.properties,10,4,4,2,0,193,8
Java,/core/src/test/java/com/opensymphony/xwork2/ActionSupportTest.java,ActionSupportTest.java,340,237,22,81,0,13890,179
Java,/core/src/main/java/org/apache/struts2/views/jsp/ActionTag.java,ActionTag.java,94,53,23,18,0,2871,65
Java,/apps/showcase/src/main/java/org/apache/struts2/showcase/tag/nonui/actiontag/ActionTagDemo.java,ActionTagDemo.java,38,11,22,5,0,1185,29
Java,/apps/showcase/src/test/java/it/org/apache/struts2/showcase/ActionTagExampleTest.java,ActionTagExampleTest.java,29,7,20,2,0,1072,26
Java,/core/src/test/java/org/apache/struts2/views/jsp/ActionTagTest.java,ActionTagTest.java,319,219,33,67,1,11796,135
Java,/core/src/main/java/com/opensymphony/xwork2/validator/ActionValidatorManager.java,ActionValidatorManager.java,87,10,69,8,0,3645,45
Java,/core/src/test/java/com/opensymphony/xwork2/validator/ActionValidatorManagerTest.java,ActionValidatorManagerTest.java,216,157,18,41,5,10035,163
Java,/plugins/convention/src/main/java/org/apache/struts2/convention/annotation/Actions.java,Actions.java,40,10,28,2,0,1368,36
Java,/core/src/test/java/com/opensymphony/xwork2/spring/ActionsFromSpringTest.java,ActionsFromSpringTest.java,80,49,11,20,0,3033,54
Java,/core/src/main/java/org/apache/struts2/views/xslt/AdapterFactory.java,AdapterFactory.java,282,85,173,24,24,9690,176
Java,/core/src/main/java/org/apache/struts2/views/xslt/AdapterNode.java,AdapterNode.java,96,14,69,13,0,2610,55
Java,/apps/showcase/src/main/java/org/apache/struts2/showcase/conversion/Address.java,Address.java,48,17,23,8,0,1190,35
Java,/core/src/test/java/com/opensymphony/xwork2/test/annotations/Address.java,Address.java,40,31,0,9,0,730,25
Java,/plugins/bean-validation/src/test/java/org/apache/struts/beanvalidation/models/Address.java,Address.java,40,14,20,6,0,1245,32
Java,/plugins/oval/src/test/java/org/apache/struts2/oval/interceptor/domain/Address.java,Address.java,18,12,0,6,0,303,13
Plain Text,/apps/showcase/src/main/webapp/WEB-INF/conversion/Address.java.txt,Address.java.txt,35,29,0,6,0,989,27
Properties File,/apps/showcase/src/main/resources/org/apache/struts2/showcase/conversion/AddressAction-conversion.properties,AddressAction-conversion.properties,6,3,0,3,0,121,4
Java,/apps/showcase/src/main/java/org/apache/struts2/showcase/conversion/AddressAction.java,AddressAction.java,51,20,23,8,0,1429,37
Plain Text,/apps/showcase/src/main/webapp/WEB-INF/conversion/AddressAction.java.txt,AddressAction.java.txt,44,36,0,8,0,1200,32
Java,/core/src/test/java/com/opensymphony/xwork2/test/annotations/AddressTypeConverter.java,AddressTypeConverter.java,29,25,0,4,5,962,25
Java,/core/src/main/java/com/opensymphony/xwork2/interceptor/annotations/After.java,After.java,81,10,69,2,0,2412,65
Java,/apps/showcase/src/main/java/org/apache/struts2/showcase/validation/AjaxFormSubmitAction.java,AjaxFormSubmitAction.java,152,103,23,26,1,5584,105
Java,/apps/showcase/src/main/java/org/apache/struts2/showcase/validation/AjaxFormSubmitSuccessAction.java,AjaxFormSubmitSuccessAction.java,7,6,0,1,0,144,7
Java,/apps/showcase/src/main/java/org/apache/struts2/showcase/ajax/AjaxTestAction.java,AjaxTestAction.java,52,22,20,10,0,1345,37
Java,/core/src/main/java/com/opensymphony/xwork2/interceptor/AliasInterceptor.java,AliasInterceptor.java,198,90,85,23,18,7970,151
Java,/core/src/test/java/com/opensymphony/xwork2/interceptor/AliasInterceptorTest.java,AliasInterceptorTest.java,135,74,32,29,0,4373,74
Java,/core/src/main/java/com/opensymphony/xwork2/interceptor/annotations/Allowed.java,Allowed.java,18,9,6,3,0,444,16
Java,/plugins/convention/src/main/java/org/apache/struts2/convention/annotation/AllowedMethods.java,AllowedMethods.java,30,11,14,5,0,878,24
Java,/core/src/main/java/com/opensymphony/xwork2/config/entities/AllowedMethods.java,AllowedMethods.java,217,157,15,45,41,6877,123
Java,/core/src/test/java/com/opensymphony/xwork2/config/entities/AllowedMethodsTest.java,AllowedMethodsTest.java,102,62,18,22,0,3481,37
Java,/core/src/test/java/com/opensymphony/xwork2/interceptor/annotations/AllowingByDefaultAction.java,AllowingByDefaultAction.java,23,13,4,6,0,378,18
Java,/core/src/test/java/com/opensymphony/xwork2/interceptor/annotations/AllowingByDefaultModel.java,AllowingByDefaultModel.java,22,12,4,6,0,271,17
Java,/plugins/json/src/test/java/org/apache/struts2/json/AnEnum.java,AnEnum.java,28,4,23,1,0,959,25
Java,/plugins/json/src/test/java/org/apache/struts2/json/AnEnumBean.java,AnEnumBean.java,45,16,23,6,0,1275,35
Plain Text,/core/src/test/resources/org/apache/struts2/views/jsp/ui/Anchor-2.txt,Anchor-2.txt,5,5,0,0,0,60,6
Plain Text,/core/src/test/resources/org/apache/struts2/views/jsp/ui/Anchor-3.txt,Anchor-3.txt,5,5,0,0,0,51,6
Java,/core/src/main/java/org/apache/struts2/components/Anchor.java,Anchor.java,261,169,54,38,6,9216,183
Java,/core/src/main/java/org/apache/struts2/views/velocity/components/AnchorDirective.java,AnchorDirective.java,47,17,23,7,0,1461,36
Java,/plugins/javatemplates/src/main/java/org/apache/struts2/views/java/simple/AnchorHandler.java,AnchorHandler.java,55,28,21,6,1,2209,47
Java,/core/src/main/java/org/apache/struts2/views/freemarker/tags/AnchorModel.java,AnchorModel.java,43,14,23,6,0,1393,34
Java,/core/src/main/java/org/apache/struts2/views/jsp/ui/AnchorTag.java,AnchorTag.java,149,99,23,27,8,4310,102
Java,/core/src/test/java/org/apache/struts2/views/jsp/AnchorTagTest.java,AnchorTagTest.java,576,371,97,108,0,18677,272
Java,/core/src/test/java/org/apache/struts2/views/jsp/ui/AnchorTest.java,AnchorTest.java,107,59,22,26,1,2928,59
Java,/plugins/javatemplates/src/test/java/org/apache/struts2/views/java/simple/AnchorTest.java,AnchorTest.java,87,58,20,9,0,3249,63
Java,/core/src/test/java/com/opensymphony/xwork2/interceptor/annotations/AnnotatedAction.java,AnnotatedAction.java,46,21,19,6,0,1219,36
Java,/core/src/test/java/com/opensymphony/xwork2/util/AnnotatedCat.java,AnnotatedCat.java,67,32,21,14,0,1623,46
Java,/core/src/test/java/com/opensymphony/xwork2/AnnotatedTestBean.java,AnnotatedTestBean.java,76,37,24,15,0,2233,53
Properties File,/core/src/test/resources/com/opensymphony/xwork2/AnnotatedTestBean.properties,AnnotatedTestBean.properties,1,1,0,0,0,82,2
Java,/core/src/main/java/com/opensymphony/xwork2/validator/AnnotationActionValidatorManager.java,AnnotationActionValidatorManager.java,385,221,89,75,61,15214,251
Java,/core/src/test/java/com/opensymphony/xwork2/validator/AnnotationActionValidatorManagerTest.java,AnnotationActionValidatorManagerTest.java,412,271,55,86,1,17812,250
Java,/core/src/test/java/com/opensymphony/xwork2/test/AnnotationDataAware.java,AnnotationDataAware.java,48,20,21,7,0,1649,39
Java,/core/src/test/java/com/opensymphony/xwork2/test/AnnotationDataAware2.java,AnnotationDataAware2.java,33,7,21,5,0,1076,26
Java,/plugins/embeddedjsp/src/main/java/org/apache/struts2/jasper/runtime/AnnotationHelper.java,AnnotationHelper.java,74,19,43,12,4,2439,51
Java,/core/src/main/java/com/opensymphony/xwork2/interceptor/annotations/AnnotationParameterFilterInterceptor.java,AnnotationParameterFilterInterceptor.java,95,57,22,16,15,3676,64
Java,/core/src/test/java/com/opensymphony/xwork2/interceptor/annotations/AnnotationParameterFilterInterceptorTest.java,AnnotationParameterFilterInterceptorTest.java,186,117,25,44,0,7102,72
Java,/core/src/test/java/com/opensymphony/xwork2/test/AnnotationTestBean2.java,AnnotationTestBean2.java,65,33,21,11,0,1713,47
Java,/core/src/test/java/com/opensymphony/xwork2/test/AnnotationUser.java,AnnotationUser.java,107,68,21,18,0,3124,76
Java,/core/src/test/java/com/opensymphony/xwork2/test/AnnotationUserMarker.java,AnnotationUserMarker.java,41,18,21,2,0,1686,37
Java,/core/src/main/java/com/opensymphony/xwork2/util/AnnotationUtils.java,AnnotationUtils.java,204,99,79,26,35,7199,134
Java,/core/src/test/java/com/opensymphony/xwork2/util/AnnotationUtilsTest.java,AnnotationUtilsTest.java,73,55,3,15,1,3346,47
Java,/core/src/test/java/com/opensymphony/xwork2/validator/AnnotationValidationAction.java,AnnotationValidationAction.java,70,63,3,4,0,4977,59
Java,/core/src/main/java/com/opensymphony/xwork2/validator/AnnotationValidationConfigurationBuilder.java,AnnotationValidationConfigurationBuilder.java,901,738,47,116,278,36444,344
Java,/core/src/test/java/com/opensymphony/xwork2/validator/AnnotationValidationConfigurationBuilderTest.java,AnnotationValidationConfigurationBuilderTest.java,309,259,10,40,33,16481,189
Java,/core/src/test/java/com/opensymphony/xwork2/validator/AnnotationValidationExpAction.java,AnnotationValidationExpAction.java,139,115,3,21,0,6604,90
Java,/core/src/main/java/org/apache/struts2/interceptor/validation/AnnotationValidationInterceptor.java,AnnotationValidationInterceptor.java,84,48,24,12,11,3476,67
Java,/core/src/test/java/org/apache/struts2/interceptor/validation/AnnotationValidationInterceptorTest.java,AnnotationValidationInterceptorTest.java,138,95,20,23,0,4860,76
Java,/core/src/main/java/com/opensymphony/xwork2/interceptor/annotations/AnnotationWorkflowInterceptor.java,AnnotationWorkflowInterceptor.java,191,74,105,12,12,7196,134
Java,/core/src/test/java/com/opensymphony/xwork2/interceptor/annotations/AnnotationWorkflowInterceptorTest.java,AnnotationWorkflowInterceptorTest.java,102,70,19,13,2,4990,78
Java,/core/src/test/java/com/opensymphony/xwork2/conversion/impl/AnnotationXWorkConverterTest.java,AnnotationXWorkConverterTest.java,471,342,51,78,1,20903,282
Java,/core/src/test/java/org/apache/struts2/components/AnotherActionComponentTest.java,AnotherActionComponentTest.java,46,42,0,4,2,1762,28
Java,/plugins/json/src/test/java/org/apache/struts2/json/AnotherBean.java,AnotherBean.java,32,25,0,7,4,732,22
Java,/core/src/main/java/org/apache/struts2/components/AppendIterator.java,AppendIterator.java,169,48,101,20,2,5684,126
Java,/core/src/main/java/org/apache/struts2/util/AppendIteratorFilter.java,AppendIteratorFilter.java,85,40,31,14,5,2553,62
Java,/core/src/main/java/org/apache/struts2/views/jsp/iterator/AppendIteratorTag.java,AppendIteratorTag.java,48,13,26,9,0,1574,36
Java,/apps/showcase/src/main/java/org/apache/struts2/showcase/tag/nonui/iteratortag/AppendIteratorTagDemo.java,AppendIteratorTagDemo.java,76,38,23,15,10,2270,50
Java,/core/src/test/java/org/apache/struts2/views/jsp/AppendIteratorTagTest.java,AppendIteratorTagTest.java,182,129,23,30,0,6368,94
Java,/core/src/test/java/com/opensymphony/xwork2/validator/validators/AppendingValidatorContextTest.java,AppendingValidatorContextTest.java,47,36,0,11,0,1905,35
Java,/core/src/main/java/org/apache/struts2/interceptor/ApplicationAware.java,ApplicationAware.java,45,5,35,5,0,1459,36
Java,/core/src/main/java/org/apache/struts2/dispatcher/ApplicationMap.java,ApplicationMap.java,195,96,63,36,22,6653,105
Java,/plugins/embeddedjsp/src/main/java/org/apache/struts2/el/parser/ArithmeticNode.java,ArithmeticNode.java,42,12,23,7,0,1321,33
Java,/core/src/main/java/org/apache/struts2/views/xslt/ArrayAdapter.java,ArrayAdapter.java,59,25,22,12,3,1846,43
Java,/core/src/main/java/com/opensymphony/xwork2/conversion/impl/ArrayConverter.java,ArrayConverter.java,36,27,0,9,5,1292,28
Java,/core/src/main/java/org/apache/struts2/util/tomcat/buf/Ascii.java,Ascii.java,255,136,79,40,33,7076,115
Java,/plugins/embeddedjsp/src/main/java/org/apache/struts2/el/parser/AstAnd.java,AstAnd.java,46,19,21,6,1,1559,38
Java,/plugins/embeddedjsp/src/main/java/org/apache/struts2/el/parser/AstBracketSuffix.java,AstBracketSuffix.java,39,12,21,6,0,1387,31
Java,/plugins/embeddedjsp/src/main/java/org/apache/struts2/el/parser/AstChoice.java,AstChoice.java,47,19,21,7,1,1675,36
Java,/plugins/embeddedjsp/src/main/java/org/apache/struts2/el/parser/AstCompositeExpression.java,AstCompositeExpression.java,55,26,21,8,5,1846,43
Java,/plugins/embeddedjsp/src/main/java/org/apache/struts2/el/parser/AstDeferredExpression.java,AstDeferredExpression.java,54,24,21,9,0,1827,37
Java,/plugins/embeddedjsp/src/main/java/org/apache/struts2/el/parser/AstDiv.java,AstDiv.java,42,15,21,6,0,1518,34
Java,/plugins/embeddedjsp/src/main/java/org/apache/struts2/el/parser/AstDotSuffix.java,AstDotSuffix.java,39,12,21,6,0,1355,31
Java,/plugins/embeddedjsp/src/main/java/org/apache/struts2/el/parser/AstDynamicExpression.java,AstDynamicExpression.java,54,24,21,9,0,1824,37
Java,/plugins/embeddedjsp/src/main/java/org/apache/struts2/el/parser/AstEmpty.java,AstEmpty.java,59,30,21,8,12,2075,47
Java,/plugins/embeddedjsp/src/main/java/org/apache/struts2/el/parser/AstEqual.java,AstEqual.java,41,14,21,6,0,1477,33
Java,/plugins/embeddedjsp/src/main/java/org/apache/struts2/el/parser/AstFalse.java,AstFalse.java,39,12,21,6,0,1347,31
Java,/plugins/embeddedjsp/src/main/java/org/apache/struts2/el/parser/AstFloatingPoint.java,AstFloatingPoint.java,59,28,21,10,2,1887,44
Java,/plugins/embeddedjsp/src/main/java/org/apache/struts2/el/parser/AstFunction.java,AstFunction.java,134,88,23,23,13,4383,88
Java,/plugins/embeddedjsp/src/main/java/org/apache/struts2/el/parser/AstGreaterThan.java,AstGreaterThan.java,47,20,21,6,4,1660,37
Java,/plugins/embeddedjsp/src/main/java/org/apache/struts2/el/parser/AstGreaterThanEqual.java,AstGreaterThanEqual.java,47,20,21,6,6,1691,38
Java,/plugins/embeddedjsp/src/main/java/org/apache/struts2/el/parser/AstIdentifier.java,AstIdentifier.java,154,111,26,17,32,5919,91
Java,/plugins/embeddedjsp/src/main/java/org/apache/struts2/el/parser/AstInteger.java,AstInteger.java,59,28,21,10,2,1847,44
Java,/plugins/embeddedjsp/src/main/java/org/apache/struts2/el/parser/AstLessThan.java,AstLessThan.java,47,20,21,6,4,1651,37
Java,/plugins/embeddedjsp/src/main/java/org/apache/struts2/el/parser/AstLessThanEqual.java,AstLessThanEqual.java,47,20,21,6,6,1682,38
Java,/plugins/embeddedjsp/src/main/java/org/apache/struts2/el/parser/AstLiteralExpression.java,AstLiteralExpression.java,64,35,21,8,10,2150,51
Java,/plugins/embeddedjsp/src/main/java/org/apache/struts2/el/parser/AstMinus.java,AstMinus.java,42,15,21,6,0,1526,34
Java,/plugins/embeddedjsp/src/main/java/org/apache/struts2/el/parser/AstMod.java,AstMod.java,42,15,21,6,0,1515,34
Java,/plugins/embeddedjsp/src/main/java/org/apache/struts2/el/parser/AstMult.java,AstMult.java,42,15,21,6,0,1523,34
Java,/plugins/embeddedjsp/src/main/java/org/apache/struts2/el/parser/AstNegative.java,AstNegative.java,83,53,21,9,12,2807,61
Java,/plugins/embeddedjsp/src/main/java/org/apache/struts2/el/parser/AstNot.java,AstNot.java,46,18,21,7,0,1574,35
Java,/plugins/embeddedjsp/src/main/java/org/apache/struts2/el/parser/AstNotEqual.java,AstNotEqual.java,41,14,21,6,0,1487,33
Java,/plugins/embeddedjsp/src/main/java/org/apache/struts2/el/parser/AstNull.java,AstNull.java,44,16,21,7,0,1443,32
Java,/plugins/embeddedjsp/src/main/java/org/apache/struts2/el/parser/AstOr.java,AstOr.java,46,19,21,6,1,1565,38
Java,/plugins/embeddedjsp/src/main/java/org/apache/struts2/el/parser/AstPlus.java,AstPlus.java,42,15,21,6,0,1518,34
Java,/plugins/embeddedjsp/src/main/java/org/apache/struts2/el/parser/AstString.java,AstString.java,75,44,21,10,12,2363,57
Java,/plugins/embeddedjsp/src/main/java/org/apache/struts2/el/parser/AstTrue.java,AstTrue.java,39,12,21,6,0,1343,31
Java,/plugins/embeddedjsp/src/main/java/org/apache/struts2/el/parser/AstValue.java,AstValue.java,180,126,28,26,31,6406,119
Java,/core/src/main/java/org/apache/struts2/util/AttributeMap.java,AttributeMap.java,158,94,36,28,22,4348,97
Java,/plugins/javatemplates/src/main/java/org/apache/struts2/views/java/Attributes.java,Attributes.java,115,46,58,11,10,4114,66
Java,/apps/showcase/src/main/java/org/apache/struts2/showcase/ajax/AutocompleterExampleAction.java,AutocompleterExampleAction.java,59,31,20,8,3,1668,47
Java,/core/src/main/java/org/apache/struts2/util/tomcat/buf/B2CConverter.java,B2CConverter.java,201,129,54,18,31,7303,151
Java,/core/src/main/java/org/apache/struts2/interceptor/BackgroundProcess.java,BackgroundProcess.java,140,56,69,15,0,4114,93
Java,/core/src/test/java/com/opensymphony/xwork2/util/Bar.java,Bar.java,61,29,20,12,0,1470,41
Java,/core/src/test/java/com/opensymphony/xwork2/spring/Bar.java,Bar.java,56,24,24,8,0,748,34
Properties File,/core/src/test/resources/com/opensymphony/xwork2/util/Bar.properties,Bar.properties,2,2,0,0,0,56,3
Java,/core/src/test/java/com/opensymphony/xwork2/util/BarJunior.java,BarJunior.java,4,3,0,1,0,78,4
Java,/core/src/test/java/com/opensymphony/xwork2/interceptor/annotations/BaseAnnotatedAction.java,BaseAnnotatedAction.java,32,9,19,4,0,928,27
Java,/plugins/osgi/src/main/java/org/apache/struts2/osgi/host/BaseOsgiHost.java,BaseOsgiHost.java,324,227,65,32,44,13555,226
Java,/core/src/main/java/org/apache/struts2/components/template/BaseTemplateEngine.java,BaseTemplateEngine.java,160,106,32,22,13,5235,105
Java,/core/src/test/java/org/apache/struts2/components/template/BaseTemplateEngineTest.java,BaseTemplateEngineTest.java,87,43,23,21,0,3045,56
Java,/core/src/main/java/org/apache/struts2/components/Bean.java,Bean.java,157,56,82,19,0,5485,111
Java,/plugins/json/src/test/java/org/apache/struts2/json/Bean.java,Bean.java,151,96,27,28,0,3650,95
Java,/plugins/javatemplates/src/test/java/org/apache/struts2/views/java/simple/Bean.java,Bean.java,42,17,20,5,0,1265,33
Java,/core/src/main/java/org/apache/struts2/views/xslt/BeanAdapter.java,BeanAdapter.java,173,91,53,29,18,6150,126
Java,/core/src/main/java/org/apache/struts2/views/velocity/components/BeanDirective.java,BeanDirective.java,43,14,23,6,0,1390,34
Java,/core/src/main/java/org/apache/struts2/views/freemarker/tags/BeanModel.java,BeanModel.java,43,14,23,6,0,1373,34
Java,/plugins/embeddedjsp/src/main/java/org/apache/struts2/jasper/compiler/BeanRepository.java,BeanRepository.java,78,34,28,16,6,2331,58
Java,/core/src/main/java/com/opensymphony/xwork2/config/BeanSelectionProvider.java,BeanSelectionProvider.java,8,3,3,2,0,182,7
Java,/core/src/main/java/org/apache/struts2/views/jsp/BeanTag.java,BeanTag.java,59,23,23,13,0,1749,42
Java,/core/src/test/java/org/apache/struts2/views/jsp/BeanTagTest.java,BeanTagTest.java,53,22,23,8,0,1661,43
Java,/apps/showcase/src/main/java/org/apache/struts2/showcase/validation/BeanValidationExampleAction.java,BeanValidationExampleAction.java,170,110,26,34,0,5430,108
Java,/plugins/bean-validation/src/main/java/org/apache/struts/beanvalidation/validation/interceptor/BeanValidationInterceptor.java,BeanValidationInterceptor.java,219,133,53,33,19,8838,154
Java,/plugins/bean-validation/src/test/java/org/apache/struts/beanvalidation/BeanValidationInterceptorTest.java,BeanValidationInterceptorTest.java,143,99,20,24,0,6468,86
Java,/plugins/bean-validation/src/main/java/org/apache/struts/beanvalidation/validation/interceptor/BeanValidationManager.java,BeanValidationManager.java,34,5,26,3,0,1253,29
Java,/core/src/main/java/com/opensymphony/xwork2/interceptor/annotations/Before.java,Before.java,80,10,68,2,0,2374,64
Java,/core/src/main/java/com/opensymphony/xwork2/interceptor/annotations/BeforeResult.java,BeforeResult.java,80,10,68,2,0,2393,64
Java,/core/src/main/java/com/opensymphony/xwork2/interceptor/annotations/BlockByDefault.java,BlockByDefault.java,21,10,7,4,0,591,18
Java,/core/src/main/java/com/opensymphony/xwork2/interceptor/annotations/Blocked.java,Blocked.java,18,9,6,3,0,452,16
Java,/core/src/test/java/com/opensymphony/xwork2/interceptor/annotations/BlockingByDefaultAction.java,BlockingByDefaultAction.java,24,14,4,6,0,394,19
Java,/core/src/test/java/com/opensymphony/xwork2/interceptor/annotations/BlockingByDefaultModel.java,BlockingByDefaultModel.java,22,13,4,5,0,286,18
Java,/plugins/embeddedjsp/src/main/java/org/apache/struts2/jasper/runtime/BodyContentImpl.java,BodyContentImpl.java,631,250,325,56,78,20181,301
Java,/plugins/embeddedjsp/src/main/java/org/apache/struts2/el/parser/BooleanNode.java,BooleanNode.java,39,12,23,4,0,1313,33
Java,/plugins/osgi/src/main/java/org/apache/struts2/osgi/BundleAccessor.java,BundleAccessor.java,63,25,20,18,0,2058,44
Java,/plugins/osgi/src/main/java/org/apache/struts2/osgi/BundleClassLoaderInterface.java,BundleClassLoaderInterface.java,63,30,23,10,2,2243,48
Java,/plugins/osgi/src/main/java/org/apache/struts2/osgi/interceptor/BundleContextAware.java,BundleContextAware.java,33,5,24,4,0,1185,28
Java,/plugins/osgi/src/main/java/org/apache/struts2/osgi/BundleFreemarkerManager.java,BundleFreemarkerManager.java,78,42,27,9,4,3268,68
Java,/plugins/osgi/src/main/java/org/apache/struts2/osgi/BundlePackageLoader.java,BundlePackageLoader.java,110,69,23,18,1,3963,81
Java,/bundles/demo/src/main/java/actions/osgi/BundlesAction.java,BundlesAction.java,43,16,23,4,0,1574,37
Java,/bundles/admin/src/main/java/org/apache/struts2/osgi/admin/actions/BundlesAction.java,BundlesAction.java,203,149,23,31,25,6588,131
Java,/core/src/main/java/org/apache/struts2/util/tomcat/buf/ByteChunk.java,ByteChunk.java,935,527,283,125,135,26413,464
Plain Text,/plugins/plexus/src/main/resources/CLASSWORLDS-LICENSE.txt,CLASSWORLDS-LICENSE.txt,47,36,0,11,0,1938,38
Java,/apps/showcase/src/test/java/it/org/apache/struts2/showcase/CRUDTest.java,CRUDTest.java,36,12,20,4,0,1253,31
Java,/core/src/main/java/org/apache/struts2/views/freemarker/tags/CallbackWriter.java,CallbackWriter.java,100,61,22,17,10,2711,64
Properties File,/core/src/test/resources/com/opensymphony/xwork2/util/Cat-conversion.properties,Cat-conversion.properties,2,2,0,0,0,126,3
Java,/core/src/test/java/com/opensymphony/xwork2/util/Cat.java,Cat.java,58,26,20,12,0,1332,39
Java,/plugins/embeddedjsp/src/main/java/org/apache/struts2/jasper/tagplugins/jstl/core/Catch.java,Catch.java,72,30,27,15,2,2880,54
Java,/apps/showcase/src/main/java/org/apache/struts2/showcase/ajax/tree/Category.java,Category.java,104,67,22,15,1,2538,75
Java,/plugins/cdi/src/main/java/org/apache/struts2/cdi/CdiObjectFactory.java,CdiObjectFactory.java,203,102,76,25,18,7692,144
Java,/plugins/cdi/src/test/java/org/apache/struts2/cdi/CdiObjectFactoryTest.java,CdiObjectFactoryTest.java,48,36,3,9,0,1743,35
Java,/core/src/test/java/com/opensymphony/xwork2/ChainResultTest.java,ChainResultTest.java,147,93,25,29,0,5893,87
Java,/plugins/convention/src/test/java/org/apache/struts2/convention/actions/chain/ChainedAction.java,ChainedAction.java,35,12,20,3,0,1210,31
Java,/core/src/main/java/com/opensymphony/xwork2/interceptor/ChainingInterceptor.java,ChainingInterceptor.java,240,102,114,24,15,8615,160
Java,/core/src/test/java/com/opensymphony/xwork2/interceptor/ChainingInterceptorTest.java,ChainingInterceptorTest.java,168,121,21,26,0,6034,89
Java,/core/src/main/java/org/apache/struts2/util/tomcat/buf/CharChunk.java,CharChunk.java,700,435,159,106,98,18336,362
Java,/plugins/jfreechart/src/main/java/org/apache/struts2/dispatcher/ChartResult.java,ChartResult.java,253,109,109,35,21,8367,173
Java,/plugins/jfreechart/src/test/java/org/apache/struts2/dispatcher/ChartResultTest.java,ChartResultTest.java,210,130,28,52,0,6561,118
Java,/apps/showcase/src/main/java/org/apache/struts2/showcase/chat/ChatAuthenticationInterceptor.java,ChatAuthenticationInterceptor.java,51,22,20,9,2,1828,41
Java,/apps/showcase/src/main/java/org/apache/struts2/showcase/chat/ChatException.java,ChatException.java,36,12,20,4,0,1151,30
Java,/apps/showcase/src/main/java/org/apache/struts2/showcase/chat/ChatInterceptor.java,ChatInterceptor.java,54,22,23,9,2,1902,43
Java,/apps/showcase/src/main/java/org/apache/struts2/showcase/chat/ChatLoginAction.java,ChatLoginAction.java,67,33,21,13,0,1791,49
Java,/apps/showcase/src/main/java/org/apache/struts2/showcase/chat/ChatLogoutAction.java,ChatLogoutAction.java,57,23,21,13,2,1640,41
Java,/apps/showcase/src/main/java/org/apache/struts2/showcase/chat/ChatMessage.java,ChatMessage.java,51,23,20,8,2,1378,39
Java,/apps/showcase/src/main/java/org/apache/struts2/showcase/chat/ChatService.java,ChatService.java,45,14,20,11,0,1343,33
Java,/apps/showcase/src/main/java/org/apache/struts2/showcase/chat/ChatServiceImpl.java,ChatServiceImpl.java,115,80,20,15,16,3902,68
Java,/apps/showcase/src/main/java/org/apache/struts2/showcase/chat/ChatSessionListener.java,ChatSessionListener.java,53,25,20,8,4,1970,43
Java,/core/src/main/java/org/apache/struts2/views/velocity/components/CheckBoxDirective.java,CheckBoxDirective.java,43,14,23,6,0,1420,34
Java,/core/src/main/java/org/apache/struts2/views/velocity/components/CheckBoxListDirective.java,CheckBoxListDirective.java,43,14,23,6,0,1440,34
Plain Text,/core/src/test/resources/org/apache/struts2/views/jsp/ui/Checkbox-1.txt,Checkbox-1.txt,9,9,0,0,0,353,10
Plain Text,/core/src/test/resources/org/apache/struts2/views/jsp/ui/Checkbox-2.txt,Checkbox-2.txt,9,9,0,0,0,320,10
Plain Text,/core/src/test/resources/org/apache/struts2/views/jsp/ui/Checkbox-3.txt,Checkbox-3.txt,16,15,0,1,0,676,14
Plain Text,/core/src/test/resources/org/apache/struts2/views/jsp/ui/Checkbox-33.txt,Checkbox-33.txt,16,15,0,1,0,673,14
Plain Text,/core/src/test/resources/org/apache/struts2/views/jsp/ui/Checkbox-4.txt,Checkbox-4.txt,11,11,0,0,0,347,8
Plain Text,/core/src/test/resources/org/apache/struts2/views/jsp/ui/Checkbox-5.txt,Checkbox-5.txt,9,9,0,0,0,351,10
Plain Text,/core/src/test/resources/org/apache/struts2/views/jsp/ui/Checkbox-6.txt,Checkbox-6.txt,9,9,0,0,0,361,10
Java,/core/src/main/java/org/apache/struts2/components/Checkbox.java,Checkbox.java,89,35,42,12,3,2880,65
Java,/plugins/javatemplates/src/main/java/org/apache/struts2/views/java/simple/CheckboxHandler.java,CheckboxHandler.java,66,38,21,7,0,2730,56
Java,/core/src/main/java/org/apache/struts2/interceptor/CheckboxInterceptor.java,CheckboxInterceptor.java,99,37,47,15,4,3556,77
Java,/core/src/test/java/org/apache/struts2/interceptor/CheckboxInterceptorTest.java,CheckboxInterceptorTest.java,211,143,23,45,0,6917,89
Plain Text,/core/src/test/resources/org/apache/struts2/views/jsp/ui/CheckboxList-1.txt,CheckboxList-1.txt,12,12,0,0,0,681,13
Plain Text,/core/src/test/resources/org/apache/struts2/views/jsp/ui/CheckboxList-2.txt,CheckboxList-2.txt,12,12,0,0,0,663,13
Plain Text,/core/src/test/resources/org/apache/struts2/views/jsp/ui/CheckboxList-3.txt,CheckboxList-3.txt,12,12,0,0,0,743,13
Plain Text,/core/src/test/resources/org/apache/struts2/views/jsp/ui/CheckboxList-4.txt,CheckboxList-4.txt,10,10,0,0,0,559,11
Java,/core/src/main/java/org/apache/struts2/components/CheckboxList.java,CheckboxList.java,68,23,36,9,0,2128,51
Java,/plugins/javatemplates/src/main/java/org/apache/struts2/views/java/simple/CheckboxListHandler.java,CheckboxListHandler.java,143,79,41,23,14,5331,110
Java,/core/src/main/java/org/apache/struts2/views/freemarker/tags/CheckboxListModel.java,CheckboxListModel.java,43,14,23,6,0,1423,34
Java,/core/src/main/java/org/apache/struts2/views/jsp/ui/CheckboxListTag.java,CheckboxListTag.java,43,12,23,8,0,1426,33
Java,/core/src/test/java/org/apache/struts2/views/jsp/ui/CheckboxListTest.java,CheckboxListTest.java,181,124,32,25,0,6172,82
Java,/core/src/main/java/org/apache/struts2/views/freemarker/tags/CheckboxModel.java,CheckboxModel.java,43,14,23,6,0,1403,34
Java,/core/src/main/java/org/apache/struts2/views/jsp/ui/CheckboxTag.java,CheckboxTag.java,55,20,23,12,0,1658,39
Java,/plugins/javatemplates/src/test/java/org/apache/struts2/views/java/simple/CheckboxTest.java,CheckboxTest.java,82,51,20,11,0,2848,55
Java,/core/src/test/java/org/apache/struts2/views/jsp/ui/CheckboxTest.java,CheckboxTest.java,200,133,30,37,0,6389,83
Java,/plugins/embeddedjsp/src/main/java/org/apache/struts2/jasper/tagplugins/jstl/core/Choose.java,Choose.java,34,8,19,7,0,1314,29
Java,/core/src/main/java/com/opensymphony/xwork2/util/finder/ClassFinder.java,ClassFinder.java,318,223,33,62,9,9832,172
Java,/core/src/main/java/com/opensymphony/xwork2/util/finder/ClassFinderFactory.java,ClassFinderFactory.java,29,7,18,4,0,1068,23
Java,/core/src/test/java/org/apache/struts2/ClassInstantiationTest.java,ClassInstantiationTest.java,43,24,10,9,0,1376,29
Java,/plugins/convention/src/test/java/org/apache/struts2/convention/actions/allowedmethods/ClassLevelAllowedMethodsAction.java,ClassLevelAllowedMethodsAction.java,10,6,0,4,0,246,7
Java,/plugins/convention/src/test/java/org/apache/struts2/convention/actions/action/ClassLevelAnnotationAction.java,ClassLevelAnnotationAction.java,27,5,20,2,0,1057,24
Java,/plugins/convention/src/test/java/org/apache/struts2/convention/actions/action/ClassLevelAnnotationDefaultMethodAction.java,ClassLevelAnnotationDefaultMethodAction.java,30,8,20,2,0,1127,27
Java,/plugins/convention/src/test/java/org/apache/struts2/convention/actions/action/ClassLevelAnnotationsAction.java,ClassLevelAnnotationsAction.java,32,9,20,3,0,1160,29
Java,/plugins/convention/src/test/java/org/apache/struts2/convention/actions/action/ClassLevelAnnotationsDefaultMethodAction.java,ClassLevelAnnotationsDefaultMethodAction.java,34,12,20,2,0,1224,31
Java,/plugins/convention/src/test/java/org/apache/struts2/convention/actions/namespace/ClassLevelNamespaceAction.java,ClassLevelNamespaceAction.java,35,8,25,2,0,1141,31
Java,/plugins/convention/src/test/java/org/apache/struts2/convention/actions/parentpackage/ClassLevelParentPackageAction.java,ClassLevelParentPackageAction.java,35,8,25,2,0,1142,31
Java,/plugins/convention/src/test/java/org/apache/struts2/convention/actions/parentpackage/sub/ClassLevelParentPackageChildAction.java,ClassLevelParentPackageChildAction.java,29,4,23,2,0,1246,26
Java,/plugins/convention/src/test/java/org/apache/struts2/convention/actions/result/ClassLevelResultAction.java,ClassLevelResultAction.java,35,8,25,2,0,1184,31
Java,/plugins/convention/src/test/java/org/apache/struts2/convention/actions/resultpath/ClassLevelResultPathAction.java,ClassLevelResultPathAction.java,35,8,25,2,0,1150,31
Java,/plugins/convention/src/test/java/org/apache/struts2/convention/actions/result/ClassLevelResultsAction.java,ClassLevelResultsAction.java,41,14,25,2,0,1517,37
Java,/core/src/main/java/com/opensymphony/xwork2/util/finder/ClassLoaderInterface.java,ClassLoaderInterface.java,41,13,20,8,0,1402,31
Java,/core/src/main/java/com/opensymphony/xwork2/util/finder/ClassLoaderInterfaceDelegate.java,ClassLoaderInterfaceDelegate.java,52,26,18,8,1,1759,37
Java,/core/src/main/java/com/opensymphony/xwork2/util/ClassLoaderUtil.java,ClassLoaderUtil.java,277,133,110,34,51,9216,170
Java,/core/src/test/java/com/opensymphony/xwork2/util/ClassLoaderUtilTest.java,ClassLoaderUtilTest.java,124,83,15,26,0,4081,67
Java,/plugins/convention/src/test/java/org/apache/struts2/convention/actions/action/ClassNameAction.java,ClassNameAction.java,37,8,25,4,0,1127,31
Java,/core/src/main/java/com/opensymphony/xwork2/util/ClassPathFinder.java,ClassPathFinder.java,191,126,45,20,30,5270,133
Java,/core/src/test/java/com/opensymphony/xwork2/util/ClassPathFinderTest.java,ClassPathFinderTest.java,54,28,17,9,0,2427,45
Java,/plugins/spring/src/main/java/org/apache/struts2/spring/ClassReloadingBeanFactory.java,ClassReloadingBeanFactory.java,82,49,25,8,13,3634,67
Java,/plugins/spring/src/main/java/org/apache/struts2/spring/ClassReloadingInstantiationStrategy.java,ClassReloadingInstantiationStrategy.java,56,27,25,4,3,2313,48
Java,/plugins/spring/src/main/java/org/apache/struts2/spring/ClassReloadingXMLWebApplicationContext.java,ClassReloadingXMLWebApplicationContext.java,231,131,65,35,24,8168,160
Java,/plugins/convention/src/main/java/org/apache/struts2/convention/ClasspathConfigurationProvider.java,ClasspathConfigurationProvider.java,118,55,51,12,6,4056,81
Java,/plugins/convention/src/main/java/org/apache/struts2/convention/ClasspathPackageProvider.java,ClasspathPackageProvider.java,55,21,28,6,0,2219,45
Java,/core/src/main/java/org/apache/struts2/interceptor/ClearSessionInterceptor.java,ClearSessionInterceptor.java,93,20,64,9,2,2649,68
Java,/core/src/test/java/org/apache/struts2/interceptor/ClearSessionInterceptorTest.java,ClearSessionInterceptorTest.java,56,24,23,9,0,1945,46
Java,/core/src/main/java/com/opensymphony/xwork2/util/ClearableValueStack.java,ClearableValueStack.java,29,4,24,1,0,907,25
Java,/core/src/main/java/org/apache/struts2/components/ClosingUIBean.java,ClosingUIBean.java,64,30,23,11,0,2177,49
Java,/core/src/main/java/org/apache/struts2/views/xslt/CollectionAdapter.java,CollectionAdapter.java,64,30,22,12,6,2090,49
Java,/core/src/main/java/com/opensymphony/xwork2/conversion/impl/CollectionConverter.java,CollectionConverter.java,96,79,1,16,25,3517,62
Java,/plugins/embeddedjsp/src/main/java/org/apache/struts2/jasper/compiler/Collector.java,Collector.java,204,136,36,32,31,7398,128
Plain Text,/core/src/test/resources/org/apache/struts2/views/jsp/ui/ComboBox-1.txt,ComboBox-1.txt,16,16,0,0,0,534,17
Plain Text,/core/src/test/resources/org/apache/struts2/views/jsp/ui/ComboBox-2.txt,ComboBox-2.txt,25,25,0,0,0,968,24
Plain Text,/core/src/test/resources/org/apache/struts2/views/jsp/ui/ComboBox-3.txt,ComboBox-3.txt,25,25,0,0,0,968,24
Plain Text,/core/src/test/resources/org/apache/struts2/views/jsp/ui/ComboBox-4.txt,ComboBox-4.txt,14,14,0,0,0,495,15
Java,/core/src/main/java/org/apache/struts2/components/ComboBox.java,ComboBox.java,197,95,81,21,20,6948,140
Java,/core/src/main/java/org/apache/struts2/views/velocity/components/ComboBoxDirective.java,ComboBoxDirective.java,43,14,23,6,0,1420,34
Java,/core/src/main/java/org/apache/struts2/views/freemarker/tags/ComboBoxModel.java,ComboBoxModel.java,43,14,23,6,0,1403,34
Java,/core/src/main/java/org/apache/struts2/views/jsp/ui/ComboBoxTag.java,ComboBoxTag.java,84,45,23,16,0,2536,59
Java,/core/src/test/java/org/apache/struts2/views/jsp/ui/ComboBoxTest.java,ComboBoxTest.java,160,106,23,31,0,4799,81
Java,/plugins/javatemplates/src/main/java/org/apache/struts2/views/java/simple/CommonAttributesHandler.java,CommonAttributesHandler.java,41,10,26,5,0,1429,34
Java,/core/src/main/java/com/opensymphony/xwork2/util/logging/commons/CommonsLogger.java,CommonsLogger.java,127,77,20,30,0,3432,70
Java,/core/src/main/java/com/opensymphony/xwork2/util/logging/commons/CommonsLoggerFactory.java,CommonsLoggerFactory.java,40,15,20,5,0,1257,32
Java,/plugins/jasperreports/src/main/java/org/apache/struts2/views/jasperreports/CompileReport.java,CompileReport.java,51,21,24,6,2,1607,40
Java,/plugins/embeddedjsp/src/main/java/org/apache/struts2/jasper/compiler/Compiler.java,Compiler.java,568,318,171,79,72,19908,359
Plain Text,/core/src/test/resources/org/apache/struts2/views/jsp/ui/Component-1.txt,Component-1.txt,0,0,0,0,0,0,0
Plain Text,/core/src/test/resources/org/apache/struts2/views/jsp/ui/Component-2.txt,Component-2.txt,8,8,0,0,0,191,8
Plain Text,/core/src/test/resources/org/apache/struts2/views/jsp/ui/Component-3.txt,Component-3.txt,8,8,0,0,0,177,8
Plain Text,/core/src/test/resources/org/apache/struts2/views/jsp/ui/Component-param.txt,Component-param.txt,8,7,0,1,0,193,8
Freemarker Template,/core/src/test/resources/template/test/Component.ftl,Component.ftl,30,7,22,1,1,1070,28
Java,/core/src/main/java/org/apache/struts2/components/Component.java,Component.java,556,264,237,55,46,19801,342
Java,/core/src/main/java/org/apache/struts2/views/velocity/components/ComponentDirective.java,ComponentDirective.java,47,17,23,7,0,1493,36
Java,/core/src/main/java/org/apache/struts2/views/freemarker/tags/ComponentModel.java,ComponentModel.java,43,14,23,6,0,1421,34
Java,/core/src/main/java/org/apache/struts2/views/jsp/ui/ComponentTag.java,ComponentTag.java,42,12,23,7,0,1415,33
Java,/apps/showcase/src/test/java/it/org/apache/struts2/showcase/ComponentTagExampleTest.java,ComponentTagExampleTest.java,31,10,20,1,0,1369,29
Java,/core/src/main/java/org/apache/struts2/views/jsp/ComponentTagSupport.java,ComponentTagSupport.java,69,35,22,12,2,2309,53
Java,/core/src/test/java/org/apache/struts2/views/jsp/ui/ComponentTest.java,ComponentTest.java,131,70,34,27,0,4050,67
Java,/core/src/test/java/org/apache/struts2/components/ComponentTest.java,ComponentTest.java,511,355,80,76,1,17392,186
Java,/core/src/main/java/org/apache/struts2/components/ComponentUrlProvider.java,ComponentUrlProvider.java,252,172,28,52,1,7185,153
Java,/core/src/main/java/org/apache/struts2/util/ComponentUtils.java,ComponentUtils.java,54,22,25,7,8,1854,39
Java,/core/src/test/java/org/apache/struts2/util/ComponentUtilsTest.java,ComponentUtilsTest.java,156,86,30,40,0,4624,53
Java,/core/src/main/java/org/apache/struts2/dispatcher/mapper/CompositeActionMapper.java,CompositeActionMapper.java,114,68,33,13,15,4242,69
Java,/core/src/test/java/org/apache/struts2/dispatcher/mapper/CompositeActionMapperTest.java,CompositeActionMapperTest.java,129,81,24,24,2,5368,72
Java,/core/src/main/java/com/opensymphony/xwork2/CompositeTextProvider.java,CompositeTextProvider.java,266,96,144,26,24,10083,105
Java,/core/src/test/java/com/opensymphony/xwork2/CompositeTextProviderTest.java,CompositeTextProviderTest.java,122,92,8,22,0,5497,77
Properties File,/core/src/test/resources/com/opensymphony/xwork2/validator/CompositeTextProviderTestResourceBundle1.properties,CompositeTextProviderTestResourceBundle1.properties,10,6,3,1,0,320,10
Properties File,/core/src/test/resources/com/opensymphony/xwork2/validator/CompositeTextProviderTestResourceBundle2.properties,CompositeTextProviderTestResourceBundle2.properties,11,6,3,2,0,319,10
Java,/core/src/main/java/com/opensymphony/xwork2/util/CompoundRoot.java,CompoundRoot.java,55,23,21,11,0,1371,36
Java,/core/src/main/java/com/opensymphony/xwork2/ognl/accessor/CompoundRootAccessor.java,CompoundRootAccessor.java,327,232,39,56,70,11301,205
Java,/plugins/embeddedjsp/src/main/java/org/apache/struts2/el/util/ConcurrentCache.java,ConcurrentCache.java,55,31,16,8,5,1690,44
Java,/core/src/main/java/com/opensymphony/xwork2/validator/validators/ConditionalVisitorFieldValidator.java,ConditionalVisitorFieldValidator.java,84,33,40,11,5,2603,64
Java,/core/src/main/java/com/opensymphony/xwork2/validator/annotations/ConditionalVisitorFieldValidator.java,ConditionalVisitorFieldValidator.java,166,17,138,11,0,6692,102
Java,/core/src/main/java/com/opensymphony/xwork2/config/Configuration.java,Configuration.java,92,23,52,17,0,2831,59
Java,/core/src/main/java/com/opensymphony/xwork2/config/ConfigurationException.java,ConfigurationException.java,95,24,61,10,0,2695,46
Java,/plugins/config-browser/src/main/java/org/apache/struts2/config_browser/ConfigurationHelper.java,ConfigurationHelper.java,95,62,23,10,11,3401,71
Java,/core/src/main/java/com/opensymphony/xwork2/config/ConfigurationManager.java,ConfigurationManager.java,235,150,59,26,21,8667,151
Java,/core/src/test/java/com/opensymphony/xwork2/config/ConfigurationManagerTest.java,ConfigurationManagerTest.java,180,129,27,24,0,6627,89
Java,/core/src/main/java/com/opensymphony/xwork2/config/ConfigurationProvider.java,ConfigurationProvider.java,22,3,18,1,0,840,19
Java,/core/src/test/java/com/opensymphony/xwork2/config/ConfigurationTest.java,ConfigurationTest.java,326,244,28,54,3,12867,166
Java,/core/src/test/java/com/opensymphony/xwork2/config/providers/ConfigurationTestBase.java,ConfigurationTestBase.java,44,18,21,5,0,1578,37
Java,/core/src/main/java/com/opensymphony/xwork2/config/ConfigurationUtil.java,ConfigurationUtil.java,83,39,31,13,6,2914,60
Java,/apps/showcase/src/main/java/org/apache/struts2/showcase/chat/Constants.java,Constants.java,25,4,20,1,0,932,23
Java,/plugins/embeddedjsp/src/main/java/org/apache/struts2/jasper/Constants.java,Constants.java,208,71,109,28,1,7453,134
Java,/core/src/main/java/com/opensymphony/xwork2/inject/ConstructionContext.java,ConstructionContext.java,119,74,23,22,8,3354,79
Java,/plugins/rest/src/test/java/org/apache/struts2/rest/handler/Contact.java,Contact.java,92,54,20,18,14,2419,62
Java,/core/src/main/java/org/apache/struts2/util/ContainUtil.java,ContainUtil.java,100,33,59,8,23,3070,71
Java,/core/src/test/java/org/apache/struts2/util/ContainUtilTest.java,ContainUtilTest.java,171,115,26,30,6,5723,119
Java,/core/src/main/java/com/opensymphony/xwork2/inject/Container.java,Container.java,133,13,109,11,0,3491,80
Java,/core/src/main/java/com/opensymphony/xwork2/inject/ContainerBuilder.java,ContainerBuilder.java,611,236,321,54,13,21034,296
Java,/core/src/main/java/org/apache/struts2/dispatcher/ContainerHolder.java,ContainerHolder.java,29,14,8,7,0,902,21
Java,/core/src/main/java/com/opensymphony/xwork2/inject/ContainerImpl.java,ContainerImpl.java,607,454,71,82,63,22910,359
Java,/core/src/test/java/com/opensymphony/xwork2/inject/ContainerImplTest.java,ContainerImplTest.java,119,68,23,28,0,2764,58
Java,/core/src/main/java/com/opensymphony/xwork2/config/ContainerProvider.java,ContainerProvider.java,57,9,40,8,0,1909,40
Java,/plugins/rest/src/main/java/org/apache/struts2/rest/handler/ContentTypeHandler.java,ContentTypeHandler.java,65,10,48,7,0,2111,48
Java,/plugins/rest/src/main/java/org/apache/struts2/rest/ContentTypeHandlerManager.java,ContentTypeHandlerManager.java,73,14,49,10,0,2521,54
Java,/plugins/rest/src/test/java/org/apache/struts2/rest/ContentTypeHandlerManagerTest.java,ContentTypeHandlerManagerTest.java,166,118,21,27,0,7934,122
Java,/plugins/rest/src/main/java/org/apache/struts2/rest/ContentTypeInterceptor.java,ContentTypeInterceptor.java,65,32,23,10,2,2314,53
Java,/core/src/main/java/org/apache/struts2/util/ContentTypeMatcher.java,ContentTypeMatcher.java,16,6,5,5,0,351,12
Java,/core/src/main/java/com/opensymphony/xwork2/inject/Context.java,Context.java,57,9,40,8,0,1575,37
Java,/core/src/main/java/org/apache/struts2/components/ContextBean.java,ContextBean.java,54,24,23,7,3,1672,42
Java,/core/src/main/java/org/apache/struts2/views/jsp/ContextBeanTag.java,ContextBeanTag.java,40,13,20,7,0,1235,32
Java,/core/src/main/java/org/apache/struts2/views/util/ContextUtil.java,ContextUtil.java,99,52,37,10,3,4030,82
Java,/core/src/test/java/org/apache/struts2/views/util/ContextUtilTest.java,ContextUtilTest.java,116,69,26,21,0,4425,58
Java,/plugins/convention/src/main/java/org/apache/struts2/convention/ConventionConstants.java,ConventionConstants.java,32,8,23,1,0,1511,30
Java,/plugins/junit/src/main/java/org/apache/struts2/ConventionPluginResourceLoader.java,ConventionPluginResourceLoader.java,29,23,0,6,1,1015,24
Java,/plugins/convention/src/main/java/org/apache/struts2/convention/ConventionUnknownHandler.java,ConventionUnknownHandler.java,418,273,82,63,64,18663,274
Java,/plugins/convention/src/test/java/org/apache/struts2/convention/ConventionUnknownHandlerTest.java,ConventionUnknownHandlerTest.java,208,130,23,55,0,8758,123
Java,/plugins/convention/src/main/java/org/apache/struts2/convention/ConventionsService.java,ConventionsService.java,67,10,52,5,0,2820,54
Java,/plugins/convention/src/main/java/org/apache/struts2/convention/ConventionsServiceImpl.java,ConventionsServiceImpl.java,132,77,41,14,10,5298,100
Java,/core/src/main/java/com/opensymphony/xwork2/conversion/annotations/Conversion.java,Conversion.java,99,10,86,3,0,2512,79
Java,/core/src/main/java/com/opensymphony/xwork2/conversion/ConversionAnnotationProcessor.java,ConversionAnnotationProcessor.java,23,6,12,5,0,743,19
Java,/core/src/main/java/com/opensymphony/xwork2/conversion/metadata/ConversionDescription.java,ConversionDescription.java,181,88,70,23,19,5648,117
Java,/core/src/main/java/com/opensymphony/xwork2/validator/annotations/ConversionErrorFieldValidator.java,ConversionErrorFieldValidator.java,139,16,112,11,0,4615,87
Java,/core/src/main/java/com/opensymphony/xwork2/validator/validators/ConversionErrorFieldValidator.java,ConversionErrorFieldValidator.java,82,21,53,8,2,3039,73
Java,/core/src/test/java/com/opensymphony/xwork2/validator/ConversionErrorFieldValidatorTest.java,ConversionErrorFieldValidatorTest.java,84,46,21,17,0,3112,60
Java,/core/src/main/java/com/opensymphony/xwork2/interceptor/ConversionErrorInterceptor.java,ConversionErrorInterceptor.java,145,55,72,18,9,5598,104
Java,/core/src/test/java/com/opensymphony/xwork2/interceptor/ConversionErrorInterceptorTest.java,ConversionErrorInterceptorTest.java,147,96,25,26,0,5186,95
Java,/core/src/main/java/com/opensymphony/xwork2/conversion/ConversionFileProcessor.java,ConversionFileProcessor.java,19,5,10,4,0,599,16
Java,/core/src/main/java/com/opensymphony/xwork2/conversion/ConversionPropertiesProcessor.java,ConversionPropertiesProcessor.java,22,5,13,4,0,566,15
Java,/core/src/main/java/com/opensymphony/xwork2/conversion/annotations/ConversionRule.java,ConversionRule.java,33,8,21,4,0,979,27
Java,/apps/showcase/src/test/java/it/org/apache/struts2/showcase/ConversionTest.java,ConversionTest.java,67,37,20,10,0,2319,52
Java,/core/src/test/java/com/opensymphony/xwork2/conversion/ConversionTestAction.java,ConversionTestAction.java,97,47,30,20,0,3037,67
Java,/core/src/main/java/com/opensymphony/xwork2/conversion/annotations/ConversionType.java,ConversionType.java,34,8,21,5,0,970,27
Java,/core/src/main/java/com/opensymphony/xwork2/factory/ConverterFactory.java,ConverterFactory.java,24,6,13,5,0,771,18
Java,/core/src/main/java/org/apache/struts2/interceptor/CookieInterceptor.java,CookieInterceptor.java,366,126,213,27,28,14412,229
Java,/core/src/test/java/org/apache/struts2/interceptor/CookieInterceptorTest.java,CookieInterceptorTest.java,459,345,21,93,0,20716,171
Java,/core/src/main/java/org/apache/struts2/interceptor/CookieProvider.java,CookieProvider.java,41,6,30,5,0,1205,33
Java,/core/src/main/java/org/apache/struts2/interceptor/CookieProviderInterceptor.java,CookieProviderInterceptor.java,111,43,59,9,6,3849,86
Java,/core/src/test/java/org/apache/struts2/interceptor/CookieProviderInterceptorTest.java,CookieProviderInterceptorTest.java,55,34,6,15,0,1600,36
Java,/core/src/main/java/org/apache/struts2/interceptor/CookiesAware.java,CookiesAware.java,39,5,31,3,0,1293,33
Java,/core/src/main/java/org/apache/struts2/util/Counter.java,Counter.java,124,67,29,28,6,2842,77
Java,/core/src/test/java/org/apache/struts2/util/CounterTest.java,CounterTest.java,55,23,22,10,0,1494,39
Java,/apps/showcase/src/main/java/org/apache/struts2/showcase/exception/CreateException.java,CreateException.java,42,13,23,6,0,1237,32
Java,/core/src/main/java/com/opensymphony/xwork2/util/CreateIfNull.java,CreateIfNull.java,75,10,61,4,0,2027,63
Java,/core/src/main/java/org/apache/struts2/interceptor/CreateSessionInterceptor.java,CreateSessionInterceptor.java,101,21,71,9,2,3254,71
Java,/core/src/test/java/org/apache/struts2/interceptor/CreateSessionInterceptorTest.java,CreateSessionInterceptorTest.java,53,21,24,8,0,2123,41
Java,/apps/showcase/src/main/java/org/apache/struts2/showcase/chat/CrudRoomAction.java,CrudRoomAction.java,63,31,20,12,0,1638,45
Java,/plugins/embeddedjsp/src/main/java/org/apache/struts2/jasper/CustomCompiler.java,CustomCompiler.java,37,12,20,5,0,1233,28
Java,/apps/showcase/src/main/java/org/apache/struts2/showcase/freemarker/CustomFreemarkerManager.java,CustomFreemarkerManager.java,58,16,36,6,0,2044,44
Java,/apps/showcase/src/main/java/org/apache/struts2/showcase/freemarker/CustomFreemarkerManagerUtil.java,CustomFreemarkerManagerUtil.java,42,13,25,4,0,1422,34
Java,/core/src/main/java/com/opensymphony/xwork2/validator/annotations/CustomValidator.java,CustomValidator.java,123,16,96,11,0,3909,80
Java,/core/src/main/java/com/opensymphony/xwork2/config/providers/CycleDetector.java,CycleDetector.java,59,44,8,7,9,1689,46
Java,/plugins/sitegraph/src/main/java/org/apache/struts2/sitegraph/renderers/DOTRenderer.java,DOTRenderer.java,242,171,30,41,60,9629,165
Java,/plugins/dwr/src/main/java/org/apache/struts2/validators/DWRValidator.java,DWRValidator.java,127,72,38,17,4,4823,101
Java,/apps/showcase/src/main/java/org/apache/struts2/showcase/dao/Dao.java,Dao.java,52,17,23,12,0,1589,38
Properties File,/core/src/test/resources/com/opensymphony/xwork2/test/DataAware-conversion.properties,DataAware-conversion.properties,1,1,0,0,0,63,2
XML,/core/src/test/resources/com/opensymphony/xwork2/test/DataAware-validation.xml,DataAware-validation.xml,8,8,0,0,0,326,9
XML,/core/src/test/resources/com/opensymphony/xwork2/test/DataAware-validationAlias-validation.xml,DataAware-validationAlias-validation.xml,8,8,0,0,0,332,9
Java,/core/src/test/java/com/opensymphony/xwork2/test/DataAware.java,DataAware.java,35,8,20,7,0,960,26
Properties File,/core/src/test/resources/com/opensymphony/xwork2/test/DataAware.properties,DataAware.properties,2,2,0,0,0,32,3
XML,/core/src/test/resources/com/opensymphony/xwork2/test/DataAware2-validation.xml,DataAware2-validation.xml,8,8,0,0,0,333,9
Java,/core/src/test/java/com/opensymphony/xwork2/test/DataAware2.java,DataAware2.java,29,5,20,4,0,875,23
Java,/core/src/main/java/org/apache/struts2/components/Date.java,Date.java,435,222,185,28,46,15700,290
Java,/apps/showcase/src/main/java/org/apache/struts2/showcase/DateAction.java,DateAction.java,103,46,40,17,0,2224,68
Properties File,/apps/showcase/src/main/resources/org/apache/struts2/showcase/DateAction.properties,DateAction.properties,1,1,0,0,0,38,1
Java,/apps/showcase/src/main/java/org/apache/struts2/showcase/chat/DateConverter.java,DateConverter.java,58,29,20,9,5,1846,46
Java,/core/src/main/java/com/opensymphony/xwork2/conversion/impl/DateConverter.java,DateConverter.java,102,88,1,13,24,4311,75
Java,/core/src/main/java/org/apache/struts2/views/velocity/components/DateDirective.java,DateDirective.java,44,14,23,7,0,1408,34
Java,/core/src/main/java/org/apache/struts2/util/DateFormatter.java,DateFormatter.java,94,49,26,19,1,2426,62
Java,/core/src/main/java/org/apache/struts2/views/freemarker/tags/DateModel.java,DateModel.java,45,14,24,7,0,1390,34
Java,/core/src/main/java/com/opensymphony/xwork2/validator/annotations/DateRangeFieldValidator.java,DateRangeFieldValidator.java,199,20,164,15,0,6345,107
Java,/core/src/main/java/com/opensymphony/xwork2/validator/validators/DateRangeFieldValidator.java,DateRangeFieldValidator.java,92,7,81,4,0,3919,72
Java,/core/src/test/java/com/opensymphony/xwork2/validator/validators/DateRangeFieldValidatorTest.java,DateRangeFieldValidatorTest.java,93,64,9,20,3,3465,55
Java,/core/src/test/java/com/opensymphony/xwork2/validator/DateRangeValidatorTest.java,DateRangeValidatorTest.java,84,46,25,13,0,3122,65
Java,/core/src/main/java/org/apache/struts2/views/jsp/DateTag.java,DateTag.java,72,36,23,13,0,2024,52
Java,/core/src/test/java/org/apache/struts2/views/jsp/ui/DateTagTest.java,DateTagTest.java,318,243,29,46,0,10832,127
Java,/core/src/main/java/org/apache/struts2/components/DateTextField.java,DateTextField.java,51,36,3,12,2,1429,38
Java,/plugins/javatemplates/src/main/java/org/apache/struts2/views/java/simple/DateTextFieldHandler.java,DateTextFieldHandler.java,91,68,2,21,17,3375,74
Java,/core/src/main/java/org/apache/struts2/interceptor/DateTextFieldInterceptor.java,DateTextFieldInterceptor.java,118,92,2,24,8,3895,88
Java,/core/src/test/java/org/apache/struts2/interceptor/DateTextFieldInterceptorTest.java,DateTextFieldInterceptorTest.java,63,45,3,15,0,1974,47
Java,/core/src/main/java/org/apache/struts2/views/jsp/ui/DateTextFieldTag.java,DateTextFieldTag.java,35,21,3,11,0,881,25
Java,/plugins/javatemplates/src/test/java/org/apache/struts2/views/java/simple/DateTextFieldTest.java,DateTextFieldTest.java,51,39,0,12,0,1595,33
Java,/core/src/main/java/org/apache/struts2/components/Debug.java,Debug.java,107,66,20,21,1,3257,78
Java,/core/src/main/java/org/apache/struts2/views/jsp/ui/DebugTag.java,DebugTag.java,40,12,20,8,0,1366,31
Java,/core/src/main/java/org/apache/struts2/interceptor/debugging/DebuggingInterceptor.java,DebuggingInterceptor.java,434,276,112,46,49,17928,328
Java,/core/src/main/java/com/opensymphony/xwork2/security/DefaultAcceptedPatternsChecker.java,DefaultAcceptedPatternsChecker.java,76,61,0,15,5,3117,49
Java,/core/src/test/java/com/opensymphony/xwork2/security/DefaultAcceptedPatternsCheckerTest.java,DefaultAcceptedPatternsCheckerTest.java,67,50,6,11,1,2395,54
Java,/core/src/main/java/com/opensymphony/xwork2/factory/DefaultActionFactory.java,DefaultActionFactory.java,25,15,3,7,0,711,18
Java,/core/src/main/java/com/opensymphony/xwork2/DefaultActionInvocation.java,DefaultActionInvocation.java,524,359,86,79,76,19377,336
Java,/core/src/test/java/com/opensymphony/xwork2/DefaultActionInvocationTest.java,DefaultActionInvocationTest.java,347,250,37,60,0,11951,141
Java,/core/src/main/java/org/apache/struts2/dispatcher/mapper/DefaultActionMapper.java,DefaultActionMapper.java,562,346,159,57,95,21685,371
Java,/core/src/test/java/org/apache/struts2/dispatcher/mapper/DefaultActionMapperTest.java,DefaultActionMapperTest.java,882,652,32,198,0,37881,290
Java,/plugins/convention/src/main/java/org/apache/struts2/convention/DefaultActionNameBuilder.java,DefaultActionNameBuilder.java,75,32,35,8,4,2818,61
Java,/core/src/main/java/com/opensymphony/xwork2/DefaultActionProxy.java,DefaultActionProxy.java,232,147,46,39,14,7495,154
Java,/core/src/main/java/com/opensymphony/xwork2/DefaultActionProxyFactory.java,DefaultActionProxyFactory.java,83,44,20,19,0,3257,55
Java,/core/src/test/java/com/opensymphony/xwork2/DefaultActionProxyTest.java,DefaultActionProxyTest.java,24,20,0,4,0,972,21
Java,/core/src/main/java/org/apache/struts2/dispatcher/DefaultActionSupport.java,DefaultActionSupport.java,73,23,35,15,2,2080,48
Java,/core/src/main/java/com/opensymphony/xwork2/validator/DefaultActionValidatorManager.java,DefaultActionValidatorManager.java,339,199,86,54,56,13645,228
Java,/core/src/test/java/com/opensymphony/xwork2/validator/DefaultActionValidatorManagerTest.java,DefaultActionValidatorManagerTest.java,379,135,223,21,0,16256,223
Java,/core/src/main/java/org/apache/struts2/config/DefaultBeanSelectionProvider.java,DefaultBeanSelectionProvider.java,479,144,312,23,12,23451,321
Java,/core/src/test/java/org/apache/struts2/config/DefaultBeanSelectionProviderTest.java,DefaultBeanSelectionProviderTest.java,50,19,20,11,0,2064,39
Java,/plugins/bean-validation/src/main/java/org/apache/struts/beanvalidation/validation/interceptor/DefaultBeanValidationManager.java,DefaultBeanValidationManager.java,125,51,61,13,7,5537,98
Java,/plugins/osgi/src/main/java/org/apache/struts2/osgi/DefaultBundleAccessor.java,DefaultBundleAccessor.java,217,156,29,32,30,7389,137
Java,/plugins/convention/src/main/java/org/apache/struts2/convention/DefaultClassFinder.java,DefaultClassFinder.java,583,486,22,75,81,21939,322
Java,/core/src/test/java/com/opensymphony/xwork2/DefaultClasstTest.java,DefaultClasstTest.java,60,25,22,13,0,2563,42
Java,/core/src/main/java/com/opensymphony/xwork2/config/impl/DefaultConfiguration.java,DefaultConfiguration.java,521,353,83,85,66,22943,347
Java,/plugins/rest/src/main/java/org/apache/struts2/rest/DefaultContentTypeHandlerManager.java,DefaultContentTypeHandlerManager.java,244,156,66,22,48,9297,168
Java,/plugins/rest/src/test/java/org/apache/struts2/rest/DefaultContentTypeHandlerManagerTest.java,DefaultContentTypeHandlerManagerTest.java,168,109,15,44,1,5675,74
Java,/core/src/main/java/org/apache/struts2/util/DefaultContentTypeMatcher.java,DefaultContentTypeMatcher.java,20,13,0,7,0,540,13
Java,/core/src/main/java/com/opensymphony/xwork2/conversion/impl/DefaultConversionAnnotationProcessor.java,DefaultConversionAnnotationProcessor.java,76,58,9,9,22,3475,61
Java,/core/src/main/java/com/opensymphony/xwork2/conversion/impl/DefaultConversionFileProcessor.java,DefaultConversionFileProcessor.java,98,73,10,15,13,4633,77
Java,/core/src/main/java/com/opensymphony/xwork2/conversion/impl/DefaultConversionPropertiesProcessor.java,DefaultConversionPropertiesProcessor.java,81,64,3,14,5,3027,62
Java,/core/src/main/java/com/opensymphony/xwork2/factory/DefaultConverterFactory.java,DefaultConverterFactory.java,30,19,3,8,0,929,22
Java,/core/src/main/java/org/apache/struts2/dispatcher/DefaultDispatcherErrorHandler.java,DefaultDispatcherErrorHandler.java,119,91,12,16,7,4851,91
Java,/plugins/embeddedjsp/src/main/java/org/apache/struts2/jasper/compiler/DefaultErrorHandler.java,DefaultErrorHandler.java,109,49,48,12,5,3889,76
Java,/core/src/main/java/com/opensymphony/xwork2/security/DefaultExcludedPatternsChecker.java,DefaultExcludedPatternsChecker.java,87,71,0,16,6,3619,57
Java,/core/src/test/java/com/opensymphony/xwork2/security/DefaultExcludedPatternsCheckerTest.java,DefaultExcludedPatternsCheckerTest.java,140,107,12,21,7,5865,97
Java,/core/src/main/java/com/opensymphony/xwork2/util/fs/DefaultFileManager.java,DefaultFileManager.java,144,98,26,20,17,4790,101
Java,/core/src/main/java/com/opensymphony/xwork2/util/fs/DefaultFileManagerFactory.java,DefaultFileManagerFactory.java,80,66,3,11,9,2834,59
Java,/core/src/test/java/com/opensymphony/xwork2/util/fs/DefaultFileManagerFactoryTest.java,DefaultFileManagerFactoryTest.java,135,94,9,32,3,3362,63
Java,/core/src/test/java/com/opensymphony/xwork2/util/DefaultFileManagerTest.java,DefaultFileManagerTest.java,179,130,10,39,0,7339,94
Java,/plugins/rest/src/main/java/org/apache/struts2/rest/DefaultHttpHeaders.java,DefaultHttpHeaders.java,170,116,26,28,36,5262,109
Java,/plugins/rest/src/test/java/org/apache/struts2/rest/DefaultHttpHeadersTest.java,DefaultHttpHeadersTest.java,227,162,20,45,0,8491,108
Java,/core/src/main/java/com/opensymphony/xwork2/factory/DefaultInterceptorFactory.java,DefaultInterceptorFactory.java,82,64,4,14,4,3636,61
Java,/plugins/convention/src/main/java/org/apache/struts2/convention/DefaultInterceptorMapBuilder.java,DefaultInterceptorMapBuilder.java,97,55,28,14,9,4017,79
Java,/plugins/convention/src/main/java/org/apache/struts2/convention/annotation/DefaultInterceptorRef.java,DefaultInterceptorRef.java,39,10,27,2,0,1341,36
Java,/core/src/main/java/com/opensymphony/xwork2/DefaultLocaleProvider.java,DefaultLocaleProvider.java,36,26,3,7,5,1043,27
Java,/plugins/convention/src/test/java/org/apache/struts2/convention/actions/namespace2/DefaultNamespaceAction.java,DefaultNamespaceAction.java,32,6,25,1,0,1045,29
Java,/plugins/oval/src/main/java/org/apache/struts2/oval/interceptor/DefaultOValValidationManager.java,DefaultOValValidationManager.java,178,134,4,40,27,6698,115
Java,/core/src/main/java/com/opensymphony/xwork2/conversion/impl/DefaultObjectTypeDeterminer.java,DefaultObjectTypeDeterminer.java,294,150,122,22,41,13741,183
Java,/core/src/main/java/org/apache/struts2/config/DefaultPropertiesProvider.java,DefaultPropertiesProvider.java,49,19,23,7,0,1835,38
Java,/core/src/main/java/com/opensymphony/xwork2/factory/DefaultResultFactory.java,DefaultResultFactory.java,54,41,3,10,6,1932,42
Java,/plugins/convention/src/main/java/org/apache/struts2/convention/DefaultResultMapBuilder.java,DefaultResultMapBuilder.java,526,290,184,52,72,24625,365
Java,/plugins/convention/src/test/java/org/apache/struts2/convention/DefaultResultMapBuilderTest.java,DefaultResultMapBuilderTest.java,650,508,45,97,2,39757,231
Java,/plugins/convention/src/test/java/org/apache/struts2/convention/actions/DefaultResultPathAction.java,DefaultResultPathAction.java,32,6,25,1,0,1047,29
Java,/core/src/main/java/org/apache/struts2/config/DefaultSettings.java,DefaultSettings.java,100,43,40,17,3,3285,75
Java,/core/src/main/java/org/apache/struts2/dispatcher/DefaultStaticContentLoader.java,DefaultStaticContentLoader.java,367,183,145,39,43,13298,247
Java,/core/src/test/java/org/apache/struts2/dispatcher/DefaultStaticContentLoaderTest.java,DefaultStaticContentLoaderTest.java,35,25,0,10,0,1583,26
Java,/plugins/javatemplates/src/main/java/org/apache/struts2/views/java/DefaultTagHandlerFactory.java,DefaultTagHandlerFactory.java,50,20,23,7,0,1691,42
Java,/core/src/main/java/org/apache/struts2/views/DefaultTagLibrary.java,DefaultTagLibrary.java,129,94,23,12,0,5564,113
Java,/core/src/main/java/com/opensymphony/xwork2/DefaultTextProvider.java,DefaultTextProvider.java,146,95,25,26,24,4557,87
Java,/core/src/test/java/com/opensymphony/xwork2/DefaultTextProviderTest.java,DefaultTextProviderTest.java,147,95,20,32,0,7290,83
Properties File,/core/src/test/resources/com/opensymphony/xwork2/DefaultTextProviderTest_en_CA.properties,DefaultTextProviderTest_en_CA.properties,8,3,4,1,0,158,7
Java,/plugins/javatemplates/src/main/java/org/apache/struts2/views/java/DefaultTheme.java,DefaultTheme.java,126,64,40,22,19,4320,87
Java,/core/src/main/java/com/opensymphony/xwork2/conversion/impl/DefaultTypeConverter.java,DefaultTypeConverter.java,357,207,122,28,114,13958,246
Java,/core/src/main/java/com/opensymphony/xwork2/conversion/impl/DefaultTypeConverterCreator.java,DefaultTypeConverterCreator.java,35,23,5,7,4,1290,28
Java,/core/src/main/java/com/opensymphony/xwork2/conversion/impl/DefaultTypeConverterHolder.java,DefaultTypeConverterHolder.java,97,42,38,17,1,3048,61
Java,/core/src/main/java/com/opensymphony/xwork2/factory/DefaultUnknownHandlerFactory.java,DefaultUnknownHandlerFactory.java,25,15,3,7,0,676,18
Java,/core/src/main/java/com/opensymphony/xwork2/DefaultUnknownHandlerManager.java,DefaultUnknownHandlerManager.java,149,81,50,18,23,5677,95
Java,/core/src/main/java/org/apache/struts2/views/util/DefaultUrlHelper.java,DefaultUrlHelper.java,349,242,59,48,82,14552,242
Java,/core/src/test/java/org/apache/struts2/views/util/DefaultUrlHelperTest.java,DefaultUrlHelperTest.java,461,304,52,105,3,20828,200
Java,/core/src/main/java/com/opensymphony/xwork2/validator/DefaultValidatorFactory.java,DefaultValidatorFactory.java,191,127,41,23,21,8333,149
Java,/core/src/main/java/com/opensymphony/xwork2/factory/DefaultValidatorFactory.java,DefaultValidatorFactory.java,34,23,3,8,0,1088,24
Java,/core/src/test/java/com/opensymphony/xwork2/validator/DefaultValidatorFactoryTest.java,DefaultValidatorFactoryTest.java,38,14,21,3,0,1812,33
Java,/core/src/main/java/com/opensymphony/xwork2/validator/DefaultValidatorFileParser.java,DefaultValidatorFileParser.java,249,147,60,42,26,11083,176
Java,/core/src/test/java/com/opensymphony/xwork2/validator/DefaultValidatorFileParserTest.java,DefaultValidatorFileParserTest.java,215,155,21,39,4,10967,134
Java,/core/src/main/java/com/opensymphony/xwork2/interceptor/DefaultWorkflowInterceptor.java,DefaultWorkflowInterceptor.java,243,67,159,17,8,10065,152
Java,/core/src/test/java/com/opensymphony/xwork2/interceptor/DefaultWorkflowInterceptorTest.java,DefaultWorkflowInterceptorTest.java,214,143,20,51,0,8163,96
Java,/plugins/osgi/src/main/java/org/apache/struts2/osgi/DelegatingObjectFactory.java,DelegatingObjectFactory.java,93,58,20,15,5,3269,64
Java,/core/src/main/java/org/apache/struts2/config/DelegatingSettings.java,DelegatingSettings.java,106,51,39,16,11,3100,75
Java,/core/src/main/java/com/opensymphony/xwork2/validator/DelegatingValidatorContext.java,DelegatingValidatorContext.java,359,245,49,65,31,12304,202
Java,/apps/showcase/src/main/java/org/apache/struts2/showcase/exception/DeleteException.java,DeleteException.java,43,13,23,7,0,1239,32
Java,/core/src/main/java/com/opensymphony/xwork2/inject/DependencyException.java,DependencyException.java,37,12,20,5,0,1037,26
Java,/plugins/portlet/src/main/java/org/apache/struts2/portlet/dispatcher/DirectRenderFromEventAction.java,DirectRenderFromEventAction.java,75,19,48,8,0,2754,59
Java,/core/src/main/java/com/opensymphony/xwork2/config/providers/DirectedGraph.java,DirectedGraph.java,143,56,72,15,12,4867,80
Java,/core/src/main/java/org/apache/struts2/dispatcher/Dispatcher.java,Dispatcher.java,917,525,277,115,95,34983,555
Java,/core/src/main/java/org/apache/struts2/dispatcher/DispatcherErrorHandler.java,DispatcherErrorHandler.java,29,8,16,5,0,1087,23
Java,/core/src/main/java/org/apache/struts2/dispatcher/DispatcherListener.java,DispatcherListener.java,43,5,34,4,0,1337,33
Java,/plugins/portlet/src/main/java/org/apache/struts2/portlet/dispatcher/DispatcherServlet.java,DispatcherServlet.java,55,28,20,7,3,2083,45
Java,/core/src/test/java/org/apache/struts2/dispatcher/DispatcherTest.java,DispatcherTest.java,284,190,32,62,0,11097,175
Java,/core/src/test/java/com/opensymphony/xwork2/util/Dog.java,Dog.java,123,68,29,26,1,2691,75
Java,/core/src/main/java/com/opensymphony/xwork2/util/DomHelper.java,DomHelper.java,374,229,82,63,25,13267,193
Java,/core/src/test/java/com/opensymphony/xwork2/util/DomHelperTest.java,DomHelperTest.java,70,37,18,15,1,2290,50
Java,/plugins/convention/src/test/java/org/apache/struts2/convention/dontfind/DontFindMeAction.java,DontFindMeAction.java,31,8,21,2,0,1164,28
Java,/core/src/main/java/org/apache/struts2/components/DoubleListUIBean.java,DoubleListUIBean.java,585,428,39,118,94,19182,351
Java,/core/src/main/java/com/opensymphony/xwork2/validator/validators/DoubleRangeFieldValidator.java,DoubleRangeFieldValidator.java,194,92,81,21,27,8319,139
Java,/core/src/main/java/com/opensymphony/xwork2/validator/annotations/DoubleRangeFieldValidator.java,DoubleRangeFieldValidator.java,233,23,193,17,0,7717,119
Java,/core/src/test/java/com/opensymphony/xwork2/validator/DoubleRangeValidatorTest.java,DoubleRangeValidatorTest.java,277,207,9,61,1,10340,131
Plain Text,/core/src/test/resources/org/apache/struts2/views/jsp/ui/DoubleSelect-1.txt,DoubleSelect-1.txt,42,37,0,5,0,1492,34
Plain Text,/core/src/test/resources/org/apache/struts2/views/jsp/ui/DoubleSelect-2.txt,DoubleSelect-2.txt,46,41,0,5,0,1618,38
Plain Text,/core/src/test/resources/org/apache/struts2/views/jsp/ui/DoubleSelect-3.txt,DoubleSelect-3.txt,42,37,0,5,0,1536,34
Plain Text,/core/src/test/resources/org/apache/struts2/views/jsp/ui/DoubleSelect-4.txt,DoubleSelect-4.txt,42,37,0,5,0,1560,35
Java,/core/src/main/java/org/apache/struts2/components/DoubleSelect.java,DoubleSelect.java,70,26,36,8,1,2870,55
Java,/core/src/main/java/org/apache/struts2/views/velocity/components/DoubleSelectDirective.java,DoubleSelectDirective.java,43,14,23,6,0,1440,34
Java,/core/src/main/java/org/apache/struts2/views/freemarker/tags/DoubleSelectModel.java,DoubleSelectModel.java,43,14,23,6,0,1423,34
Java,/core/src/main/java/org/apache/struts2/views/jsp/ui/DoubleSelectTag.java,DoubleSelectTag.java,54,21,23,10,0,1792,41
Java,/core/src/test/java/org/apache/struts2/views/jsp/ui/DoubleSelectTest.java,DoubleSelectTest.java,383,273,26,84,0,12100,118
XML,/core/src/test/resources/org/apache/struts2/views/jsp/ui/DoubleValidationAction-validation.xml,DoubleValidationAction-validation.xml,10,10,0,0,0,478,10
Java,/core/src/test/java/org/apache/struts2/views/jsp/ui/DoubleValidationAction.java,DoubleValidationAction.java,39,11,23,5,0,1196,31
Java,/core/src/test/java/com/opensymphony/xwork2/util/annotation/Dummy2Class.java,Dummy2Class.java,9,6,0,3,0,160,7
Java,/core/src/test/java/com/opensymphony/xwork2/util/annotation/DummyClass.java,DummyClass.java,13,9,0,4,0,221,9
Java,/core/src/test/java/com/opensymphony/xwork2/util/annotation/DummyClassExt.java,DummyClassExt.java,9,6,0,3,0,176,7
Java,/plugins/oval/src/test/java/org/apache/struts2/oval/interceptor/DummyDefaultOValValidationManager.java,DummyDefaultOValValidationManager.java,35,10,21,4,0,1264,31
Java,/plugins/embeddedjsp/src/main/java/org/apache/struts2/jasper/compiler/Dumper.java,Dumper.java,207,153,18,36,11,6204,126
Java,/apps/showcase/src/main/java/org/apache/struts2/showcase/exception/DuplicateKeyException.java,DuplicateKeyException.java,43,13,23,7,0,1266,32
Java,/core/src/test/java/org/apache/struts2/views/jsp/DynAttribsTest.java,DynAttribsTest.java,150,81,40,29,10,5102,110
Java,/plugins/javatemplates/src/main/java/org/apache/struts2/views/java/simple/DynamicAttributesHandler.java,DynamicAttributesHandler.java,57,24,26,7,4,2083,47
Java,/apps/showcase/src/main/java/org/apache/struts2/showcase/DynamicTreeSelectAction.java,DynamicTreeSelectAction.java,55,20,22,13,1,1523,37
Java,/plugins/embeddedjsp/src/main/java/org/apache/struts2/el/lang/ELArithmetic.java,ELArithmetic.java,377,268,27,82,85,12587,154
Java,/plugins/embeddedjsp/src/main/java/org/apache/struts2/jasper/el/ELContextImpl.java,ELContextImpl.java,99,58,21,20,6,2934,67
Java,/plugins/embeddedjsp/src/main/java/org/apache/struts2/jasper/el/ELContextWrapper.java,ELContextWrapper.java,78,42,21,15,2,2365,53
Java,/plugins/embeddedjsp/src/main/java/org/apache/struts2/jasper/compiler/ELFunctionMapper.java,ELFunctionMapper.java,283,181,64,38,41,10351,182
Java,/plugins/embeddedjsp/src/main/java/org/apache/struts2/jasper/compiler/ELNode.java,ELNode.java,255,143,58,54,4,5322,134
HTML,/plugins/embeddedjsp/src/main/java/org/apache/struts2/el/parser/ELParser.html,ELParser.html,223,207,16,0,0,9267,98
Java,/plugins/embeddedjsp/src/main/java/org/apache/struts2/el/parser/ELParser.java,ELParser.java,2465,2150,189,126,485,76187,934
Java,/plugins/embeddedjsp/src/main/java/org/apache/struts2/jasper/compiler/ELParser.java,ELParser.java,382,296,64,22,62,10376,222
Java,/plugins/embeddedjsp/src/main/java/org/apache/struts2/el/parser/ELParserConstants.java,ELParserConstants.java,188,120,62,6,0,4129,130
Java,/plugins/embeddedjsp/src/main/java/org/apache/struts2/el/parser/ELParserTokenManager.java,ELParserTokenManager.java,1325,1226,49,50,406,49245,640
Java,/plugins/embeddedjsp/src/main/java/org/apache/struts2/el/parser/ELParserTreeConstants.java,ELParserTreeConstants.java,77,72,2,3,0,1846,75
Java,/plugins/embeddedjsp/src/main/java/org/apache/struts2/jasper/el/ELResolverImpl.java,ELResolverImpl.java,146,107,16,23,26,4553,81
Java,/plugins/embeddedjsp/src/main/java/org/apache/struts2/el/lang/ELSupport.java,ELSupport.java,473,383,52,38,173,16556,265
Properties File,/apps/showcase/src/main/resources/org/apache/struts2/showcase/person/EditPersonAction-conversion.properties,EditPersonAction-conversion.properties,3,3,0,0,0,107,4
Java,/apps/showcase/src/main/java/org/apache/struts2/showcase/person/EditPersonAction.java,EditPersonAction.java,78,35,33,10,1,2221,59
Java,/core/src/main/java/com/opensymphony/xwork2/util/Element.java,Element.java,79,10,65,4,0,2253,65
Java,/core/src/main/java/org/apache/struts2/components/Else.java,Else.java,74,17,50,7,2,2153,55
Java,/core/src/main/java/org/apache/struts2/components/ElseIf.java,ElseIf.java,107,40,56,11,9,3063,71
Java,/core/src/main/java/org/apache/struts2/views/freemarker/tags/ElseIfModel.java,ElseIfModel.java,45,14,23,8,0,1394,34
Java,/core/src/main/java/org/apache/struts2/views/jsp/ElseIfTag.java,ElseIfTag.java,52,19,23,10,0,1579,38
Java,/core/src/test/java/org/apache/struts2/views/jsp/ElseIfTagTest.java,ElseIfTagTest.java,118,63,23,32,0,3529,61
Java,/core/src/main/java/org/apache/struts2/views/freemarker/tags/ElseModel.java,ElseModel.java,46,14,24,8,0,1389,34
Java,/core/src/main/java/org/apache/struts2/views/jsp/ElseTag.java,ElseTag.java,43,12,23,8,0,1377,33
Java,/core/src/test/java/org/apache/struts2/views/jsp/ElseTagTest.java,ElseTagTest.java,128,73,27,28,0,3714,76
Java,/core/src/main/java/com/opensymphony/xwork2/validator/annotations/EmailValidator.java,EmailValidator.java,133,15,108,10,0,4246,84
Java,/core/src/main/java/com/opensymphony/xwork2/validator/validators/EmailValidator.java,EmailValidator.java,90,9,76,5,0,3918,68
Java,/core/src/test/java/com/opensymphony/xwork2/validator/EmailValidatorTest.java,EmailValidatorTest.java,157,109,21,27,2,6258,95
Java,/plugins/embeddedjsp/src/main/java/org/apache/struts2/EmbeddedJSPResult.java,EmbeddedJSPResult.java,34,9,23,2,0,1368,31
Java,/plugins/embeddedjsp/src/test/java/org/apache/struts2/EmbeddedJSPResultTest.java,EmbeddedJSPResultTest.java,376,256,41,79,6,14349,239
Java,/plugins/embeddedjsp/src/main/java/org/apache/struts2/jasper/EmbeddedServletOptions.java,EmbeddedServletOptions.java,667,382,185,100,127,20453,359
Java,/apps/showcase/src/main/java/org/apache/struts2/showcase/model/Employee.java,Employee.java,175,118,23,34,0,3880,96
Properties File,/apps/showcase/src/main/resources/org/apache/struts2/showcase/action/EmployeeAction-conversion.properties,EmployeeAction-conversion.properties,1,1,0,0,0,40,2
XML,/apps/showcase/src/main/resources/org/apache/struts2/showcase/action/EmployeeAction-validation.xml,EmployeeAction-validation.xml,21,20,1,0,0,820,17
Java,/apps/showcase/src/main/java/org/apache/struts2/showcase/action/EmployeeAction.java,EmployeeAction.java,122,73,28,21,9,3437,86
Properties File,/apps/showcase/src/main/resources/org/apache/struts2/showcase/action/EmployeeAction.properties,EmployeeAction.properties,9,8,0,1,0,287,9
Properties File,/apps/showcase/src/main/resources/org/apache/struts2/showcase/action/EmployeeAction_de.properties,EmployeeAction_de.properties,9,8,0,1,0,312,9
Properties File,/apps/showcase/src/main/resources/org/apache/struts2/showcase/action/EmployeeAction_en.properties,EmployeeAction_en.properties,0,0,0,0,0,0,0
Java,/apps/showcase/src/main/java/org/apache/struts2/showcase/dao/EmployeeDao.java,EmployeeDao.java,69,35,23,11,5,2011,52
Java,/plugins/javatemplates/src/main/java/org/apache/struts2/views/java/simple/EmptyHandler.java,EmptyHandler.java,31,7,21,3,0,1096,27
Java,/plugins/embeddedjsp/src/main/java/org/apache/struts2/jasper/xmlparser/EncodingMap.java,EncodingMap.java,1022,447,536,39,0,40930,620
Java,/apps/showcase/src/main/java/org/apache/struts2/showcase/chat/EnterRoomAction.java,EnterRoomAction.java,65,31,21,13,0,1780,47
Java,/apps/showcase/src/main/java/org/apache/struts2/showcase/conversion/EnumTypeConverter.java,EnumTypeConverter.java,58,28,23,7,4,1674,45
Plain Text,/apps/showcase/src/main/webapp/WEB-INF/conversion/EnumTypeConverter.java.txt,EnumTypeConverter.java.txt,55,48,0,7,0,1476,42
Java,/plugins/embeddedjsp/src/main/java/org/apache/struts2/jasper/util/Enumerator.java,Enumerator.java,176,45,82,49,3,4579,85
Java,/core/src/main/java/com/opensymphony/xwork2/config/providers/EnvsValueSubstitutor.java,EnvsValueSubstitutor.java,42,20,15,7,0,1565,33
Java,/core/src/test/java/com/opensymphony/xwork2/config/providers/EnvsValueSubstitutorTest.java,EnvsValueSubstitutorTest.java,30,15,6,9,0,780,17
XML,/core/src/test/resources/com/opensymphony/xwork2/test/Equidae-validation.xml,Equidae-validation.xml,52,49,0,3,0,1928,23
Java,/core/src/test/java/com/opensymphony/xwork2/test/Equidae.java,Equidae.java,52,24,18,10,0,1204,35
Java,/plugins/embeddedjsp/src/main/java/org/apache/struts2/jasper/compiler/ErrorDispatcher.java,ErrorDispatcher.java,697,221,417,59,34,24019,301
Java,/plugins/embeddedjsp/src/main/java/org/apache/struts2/jasper/compiler/ErrorHandler.java,ErrorHandler.java,78,9,62,7,0,2822,52
Java,/core/src/main/java/com/opensymphony/xwork2/ognl/ErrorMessageBuilder.java,ErrorMessageBuilder.java,58,44,3,11,4,1508,39
Java,/core/src/main/java/com/opensymphony/xwork2/util/Evaluated.java,Evaluated.java,18,13,0,5,1,290,12
Java,/plugins/embeddedjsp/src/main/java/org/apache/struts2/el/lang/EvaluationContext.java,EvaluationContext.java,81,47,16,18,0,2362,54
Java,/apps/showcase/src/main/java/org/apache/struts2/showcase/ajax/Example4ShowPanelAction.java,Example4ShowPanelAction.java,75,38,23,14,0,1857,48
Java,/apps/showcase/src/main/java/org/apache/struts2/showcase/ajax/Example5Action.java,Example5Action.java,51,22,20,9,0,1350,37
Java,/apps/showcase/src/main/java/org/apache/struts2/showcase/action/ExampleAction.java,ExampleAction.java,84,49,20,15,0,2136,55
Java,/core/src/main/java/com/opensymphony/xwork2/interceptor/ExceptionHolder.java,ExceptionHolder.java,77,27,41,9,2,2255,57
Java,/plugins/convention/src/main/java/org/apache/struts2/convention/annotation/ExceptionMapping.java,ExceptionMapping.java,54,12,38,4,0,1805,45
Java,/core/src/main/java/com/opensymphony/xwork2/config/entities/ExceptionMappingConfig.java,ExceptionMappingConfig.java,181,120,26,35,19,5631,107
Java,/core/src/main/java/com/opensymphony/xwork2/interceptor/ExceptionMappingInterceptor.java,ExceptionMappingInterceptor.java,320,117,180,23,31,12278,232
Java,/core/src/test/java/com/opensymphony/xwork2/interceptor/ExceptionMappingInterceptorTest.java,ExceptionMappingInterceptorTest.java,307,238,21,48,0,12000,111
Java,/plugins/convention/src/main/java/org/apache/struts2/convention/annotation/ExceptionMappings.java,ExceptionMappings.java,44,10,32,2,0,1572,41
Java,/plugins/convention/src/test/java/org/apache/struts2/convention/actions/exception/ExceptionsActionLevelAction.java,ExceptionsActionLevelAction.java,35,12,20,3,0,1341,31
Java,/plugins/convention/src/test/java/org/apache/struts2/convention/actions/exception/ExceptionsMethodLevelAction.java,ExceptionsMethodLevelAction.java,35,12,20,3,0,1382,31
Java,/plugins/convention/src/test/java/org/apache/struts2/convention/actions/exclude/ExcludeAction.java,ExcludeAction.java,35,8,25,2,0,1088,31
Java,/core/src/main/java/com/opensymphony/xwork2/security/ExcludedPatternsChecker.java,ExcludedPatternsChecker.java,82,37,29,16,0,2245,48
Java,/apps/showcase/src/test/java/it/org/apache/struts2/showcase/ExecAndWaitTest.java,ExecAndWaitTest.java,35,11,21,3,0,1303,30
Java,/core/src/test/java/org/apache/struts2/interceptor/ExecuteAndWaitDelayAction.java,ExecuteAndWaitDelayAction.java,37,8,24,5,0,1120,29
Java,/core/src/main/java/org/apache/struts2/interceptor/ExecuteAndWaitInterceptor.java,ExecuteAndWaitInterceptor.java,371,115,223,33,29,15980,242
Java,/core/src/test/java/org/apache/struts2/interceptor/ExecuteAndWaitInterceptorTest.java,ExecuteAndWaitInterceptorTest.java,232,164,24,44,0,8830,136
Java,/core/src/test/java/com/opensymphony/xwork2/spring/ExecuteInterceptor.java,ExecuteInterceptor.java,21,11,6,4,1,511,18
Java,/core/src/main/java/org/apache/struts2/dispatcher/ExecuteOperations.java,ExecuteOperations.java,83,29,44,10,5,3075,62
Java,/core/src/test/java/org/apache/struts2/ExecutionCountTestAction.java,ExecutionCountTestAction.java,53,17,23,13,0,1558,37
Java,/apps/showcase/src/main/java/org/apache/struts2/showcase/chat/ExitRoomAction.java,ExitRoomAction.java,62,27,21,14,0,1709,43
Java,/plugins/embeddedjsp/src/main/java/org/apache/struts2/el/lang/ExpressionBuilder.java,ExpressionBuilder.java,210,159,27,24,42,7927,158
Java,/plugins/embeddedjsp/src/main/java/org/apache/struts2/jasper/el/ExpressionEvaluatorImpl.java,ExpressionEvaluatorImpl.java,58,34,16,8,2,2192,49
Java,/plugins/embeddedjsp/src/main/java/org/apache/struts2/el/ExpressionFactoryImpl.java,ExpressionFactoryImpl.java,79,44,25,10,6,2838,56
Java,/plugins/embeddedjsp/src/main/java/org/apache/struts2/jasper/el/ExpressionImpl.java,ExpressionImpl.java,38,16,16,6,0,1364,32
Java,/core/src/main/java/com/opensymphony/xwork2/validator/validators/ExpressionValidator.java,ExpressionValidator.java,80,30,41,9,5,2539,62
Java,/core/src/main/java/com/opensymphony/xwork2/validator/annotations/ExpressionValidator.java,ExpressionValidator.java,123,14,100,9,0,3965,82
Java,/core/src/test/java/com/opensymphony/xwork2/validator/ExpressionValidatorTest.java,ExpressionValidatorTest.java,141,91,22,28,0,5722,96
Java,/core/src/main/java/com/opensymphony/xwork2/inject/ExternalContext.java,ExternalContext.java,77,40,25,12,0,2036,52
Java,/core/src/test/java/com/opensymphony/xwork2/spring/ExternalReferenceAction.java,ExternalReferenceAction.java,49,22,20,7,0,787,32
Java,/core/src/test/java/com/opensymphony/xwork2/ExternalReferenceAction.java,ExternalReferenceAction.java,46,13,27,6,0,1201,33
Java,/core/src/main/java/org/apache/struts2/components/ExtraParameterProvider.java,ExtraParameterProvider.java,27,5,20,2,0,989,25
Plain Text,/core/src/main/resources/FREEMARKER-LICENSE.txt,FREEMARKER-LICENSE.txt,46,38,0,8,0,2653,38
Java,/core/src/main/java/com/opensymphony/xwork2/inject/Factory.java,Factory.java,34,4,27,3,0,1011,27
Java,/core/src/main/java/org/apache/struts2/util/FastByteArrayOutputStream.java,FastByteArrayOutputStream.java,262,182,56,24,44,8923,176
Java,/plugins/osgi/src/main/java/org/apache/struts2/osgi/host/FelixOsgiHost.java,FelixOsgiHost.java,164,99,39,26,6,6688,116
Java,/plugins/osgi/src/test/java/org/apache/struts2/osgi/host/FelixOsgiHostTest.java,FelixOsgiHostTest.java,40,15,20,5,0,1743,35
Java,/plugins/bean-validation/src/test/java/org/apache/struts/beanvalidation/actions/FieldAction.java,FieldAction.java,39,13,20,6,0,1218,31
Java,/plugins/bean-validation/src/test/java/org/apache/struts/beanvalidation/actions/FieldActionDoExecute.java,FieldActionDoExecute.java,23,17,0,6,0,546,16
Java,/plugins/json/src/main/java/org/apache/struts2/json/bridge/FieldBridge.java,FieldBridge.java,31,4,25,2,0,1014,27
Java,/core/src/main/java/org/apache/struts2/components/FieldError.java,FieldError.java,136,45,75,16,4,3953,87
Java,/core/src/main/java/org/apache/struts2/views/velocity/components/FieldErrorDirective.java,FieldErrorDirective.java,43,14,23,6,0,1430,34
Java,/plugins/javatemplates/src/main/java/org/apache/struts2/views/java/simple/FieldErrorHandler.java,FieldErrorHandler.java,81,49,21,11,16,3057,62
Java,/core/src/main/java/org/apache/struts2/views/freemarker/tags/FieldErrorModel.java,FieldErrorModel.java,43,14,23,6,0,1413,34
Java,/core/src/main/java/org/apache/struts2/views/jsp/ui/FieldErrorTag.java,FieldErrorTag.java,63,26,23,14,0,1875,44
Java,/core/src/test/java/org/apache/struts2/views/jsp/ui/FieldErrorTagTest.java,FieldErrorTagTest.java,291,214,24,53,4,9712,113
Java,/plugins/javatemplates/src/test/java/org/apache/struts2/views/java/simple/FieldErrorTest.java,FieldErrorTest.java,121,83,21,17,0,4262,71
Java,/core/src/main/java/com/opensymphony/xwork2/validator/validators/FieldExpressionValidator.java,FieldExpressionValidator.java,92,30,51,11,5,3248,73
Java,/core/src/main/java/com/opensymphony/xwork2/validator/annotations/FieldExpressionValidator.java,FieldExpressionValidator.java,134,15,110,9,0,4353,86
Java,/plugins/bean-validation/src/main/java/org/apache/struts/beanvalidation/constraints/FieldMatch.java,FieldMatch.java,90,27,52,11,0,2720,67
Java,/plugins/bean-validation/src/test/java/org/apache/struts/beanvalidation/actions/FieldMatchAction.java,FieldMatchAction.java,80,45,20,15,0,2248,53
Java,/plugins/bean-validation/src/main/java/org/apache/struts/beanvalidation/constraints/impl/FieldMatchValidator.java,FieldMatchValidator.java,53,26,20,7,6,2168,44
Java,/core/src/main/java/com/opensymphony/xwork2/validator/FieldValidator.java,FieldValidator.java,39,5,30,4,0,1232,30
Java,/core/src/main/java/com/opensymphony/xwork2/validator/validators/FieldValidatorSupport.java,FieldValidatorSupport.java,48,20,20,8,0,1307,34
Properties File,/apps/showcase/src/main/resources/org/apache/struts2/showcase/validation/FieldValidatorsExampleAction-conversion.properties,FieldValidatorsExampleAction-conversion.properties,1,1,0,0,0,33,1
XML,/apps/showcase/src/main/resources/org/apache/struts2/showcase/validation/FieldValidatorsExampleAction-submitClientSideValidationExample-validation.xml,FieldValidatorsExampleAction-submitClientSideValidationExample-validation.xml,74,67,2,5,0,2692,49
XML,/apps/showcase/src/main/resources/org/apache/struts2/showcase/validation/FieldValidatorsExampleAction-submitFieldValidatorsExamples-validation.xml,FieldValidatorsExampleAction-submitFieldValidatorsExamples-validation.xml,68,61,2,5,0,2421,48
Java,/apps/showcase/src/main/java/org/apache/struts2/showcase/validation/FieldValidatorsExampleAction.java,FieldValidatorsExampleAction.java,121,69,26,26,0,3777,74
Properties File,/apps/showcase/src/main/resources/org/apache/struts2/showcase/validation/FieldValidatorsExampleAction.properties,FieldValidatorsExampleAction.properties,1,1,0,0,0,56,2
Java,/plugins/oval/src/test/java/org/apache/struts2/oval/interceptor/FieldsWithProfiles.java,FieldsWithProfiles.java,70,36,20,14,0,1832,48
Plain Text,/core/src/test/resources/org/apache/struts2/views/jsp/ui/File-1.txt,File-1.txt,4,4,0,0,0,217,5
Java,/core/src/main/java/org/apache/struts2/components/File.java,File.java,105,53,37,15,8,3615,77
Java,/plugins/sitegraph/src/main/java/org/apache/struts2/sitegraph/entities/FileBasedView.java,FileBasedView.java,107,59,28,20,4,3283,78
Java,/core/src/main/java/org/apache/struts2/views/velocity/components/FileDirective.java,FileDirective.java,43,14,23,6,0,1400,34
Java,/apps/showcase/src/main/java/org/apache/struts2/showcase/filedownload/FileDownloadAction.java,FileDownloadAction.java,64,22,34,8,3,2148,50
Java,/apps/showcase/src/test/java/org/apache/struts2/showcase/filedownload/FileDownloadActionTest.java,FileDownloadActionTest.java,42,32,0,10,0,1207,24
Java,/apps/showcase/src/test/java/it/org/apache/struts2/showcase/FileDownloadTest.java,FileDownloadTest.java,40,15,20,5,0,1598,32
Java,/plugins/javatemplates/src/main/java/org/apache/struts2/views/java/simple/FileHandler.java,FileHandler.java,49,24,20,5,0,1956,43
Java,/core/src/main/java/com/opensymphony/xwork2/FileManager.java,FileManager.java,75,16,47,12,0,2205,44
Java,/core/src/main/java/com/opensymphony/xwork2/FileManagerFactory.java,FileManagerFactory.java,12,5,3,4,0,281,9
Java,/core/src/main/java/com/opensymphony/xwork2/config/FileManagerFactoryProvider.java,FileManagerFactoryProvider.java,33,21,3,9,0,1016,21
Java,/core/src/main/java/com/opensymphony/xwork2/config/FileManagerProvider.java,FileManagerProvider.java,35,23,3,9,0,1035,23
Java,/core/src/main/java/org/apache/struts2/views/freemarker/tags/FileModel.java,FileModel.java,43,14,23,6,0,1383,34
Java,/core/src/main/java/com/opensymphony/xwork2/util/classloader/FileResourceStore.java,FileResourceStore.java,57,30,19,8,0,1803,45
Java,/core/src/main/java/com/opensymphony/xwork2/util/fs/FileRevision.java,FileRevision.java,52,40,3,9,7,1282,39
Java,/core/src/main/java/org/apache/struts2/views/jsp/ui/FileTag.java,FileTag.java,62,26,23,13,0,1772,44
Java,/core/src/test/java/org/apache/struts2/views/jsp/ui/FileTest.java,FileTest.java,82,38,30,14,0,2772,60
Java,/plugins/javatemplates/src/test/java/org/apache/struts2/views/java/simple/FileTest.java,FileTest.java,66,37,20,9,0,2092,51
XML,/apps/showcase/src/main/resources/org/apache/struts2/showcase/fileupload/FileUploadAction-validation.xml,FileUploadAction-validation.xml,19,17,0,2,0,568,17
Java,/apps/showcase/src/main/java/org/apache/struts2/showcase/fileupload/FileUploadAction.java,FileUploadAction.java,87,40,29,18,0,2324,57
Java,/core/src/main/java/org/apache/struts2/interceptor/FileUploadInterceptor.java,FileUploadInterceptor.java,464,210,205,49,62,18038,287
Java,/core/src/test/java/org/apache/struts2/interceptor/FileUploadInterceptorTest.java,FileUploadInterceptorTest.java,464,333,44,87,4,18709,229
Java,/core/src/main/java/org/apache/struts2/dispatcher/filter/FilterHostConfig.java,FilterHostConfig.java,52,21,23,8,0,1687,39
Java,/core/src/main/java/com/opensymphony/xwork2/inject/util/FinalizablePhantomReference.java,FinalizablePhantomReference.java,35,8,23,4,0,1288,27
Java,/core/src/main/java/com/opensymphony/xwork2/inject/util/FinalizableReference.java,FinalizableReference.java,32,4,25,3,0,993,25
Java,/core/src/main/java/com/opensymphony/xwork2/inject/util/FinalizableReferenceQueue.java,FinalizableReferenceQueue.java,77,43,23,11,1,2075,58
Java,/core/src/main/java/com/opensymphony/xwork2/inject/util/FinalizableSoftReference.java,FinalizableSoftReference.java,34,8,22,4,0,1270,26
Java,/core/src/main/java/com/opensymphony/xwork2/inject/util/FinalizableWeakReference.java,FinalizableWeakReference.java,34,8,22,4,0,1270,26
Properties File,/core/src/test/resources/com/opensymphony/xwork2/util/FindMe.properties,FindMe.properties,2,2,0,0,0,63,3
Properties File,/core/src/test/resources/com/opensymphony/xwork2/util/Foo-conversion.properties,Foo-conversion.properties,11,10,0,1,0,449,11
Java,/core/src/test/java/com/opensymphony/xwork2/Foo.java,Foo.java,41,13,21,7,0,1046,29
Java,/core/src/test/java/com/opensymphony/xwork2/util/Foo.java,Foo.java,218,137,38,43,0,4335,128
Java,/core/src/test/java/com/opensymphony/xwork2/spring/Foo.java,Foo.java,30,19,6,5,0,346,21
Java,/core/src/test/java/com/opensymphony/xwork2/conversion/impl/FooBarConverter.java,FooBarConverter.java,72,40,20,12,12,2410,54
Java,/plugins/cdi/src/test/java/org/apache/struts2/cdi/FooConsumer.java,FooConsumer.java,16,9,3,4,0,241,14
Java,/core/src/test/java/com/opensymphony/xwork2/conversion/impl/FooNumberConverter.java,FooNumberConverter.java,18,14,0,4,1,517,15
Java,/plugins/cdi/src/test/java/org/apache/struts2/cdi/FooService.java,FooService.java,12,6,3,3,0,147,10
Java,/plugins/embeddedjsp/src/main/java/org/apache/struts2/jasper/tagplugins/jstl/core/ForEach.java,ForEach.java,344,258,49,37,16,13846,186
Java,/plugins/embeddedjsp/src/main/java/org/apache/struts2/jasper/tagplugins/jstl/core/ForTokens.java,ForTokens.java,119,73,30,16,5,5519,96
Java,/core/src/main/java/org/apache/struts2/components/Form.java,Form.java,513,338,111,64,48,18672,339
Java,/core/src/main/java/org/apache/struts2/components/FormButton.java,FormButton.java,161,90,47,24,38,5528,116
Java,/core/src/test/java/org/apache/struts2/components/FormButtonTest.java,FormButtonTest.java,125,70,24,31,0,4582,53
Java,/core/src/main/java/org/apache/struts2/views/velocity/components/FormDirective.java,FormDirective.java,47,17,23,7,0,1456,36
Java,/plugins/javatemplates/src/main/java/org/apache/struts2/views/java/simple/FormHandler.java,FormHandler.java,54,29,20,5,0,2253,47
Java,/core/src/main/java/org/apache/struts2/views/freemarker/tags/FormModel.java,FormModel.java,43,14,23,6,0,1383,34
Java,/core/src/main/java/org/apache/struts2/views/jsp/ui/FormTag.java,FormTag.java,128,81,23,24,0,3634,89
Java,/core/src/test/java/org/apache/struts2/views/jsp/ui/FormTagTest.java,FormTagTest.java,720,500,60,160,0,22738,232
Java,/core/src/test/java/org/apache/struts2/components/FormTest.java,FormTest.java,118,77,24,17,4,4913,90
Java,/plugins/javatemplates/src/test/java/org/apache/struts2/views/java/simple/FormTest.java,FormTest.java,84,56,20,8,0,2934,63
Java,/plugins/rest/src/main/java/org/apache/struts2/rest/handler/FormUrlEncodedHandler.java,FormUrlEncodedHandler.java,64,18,39,7,0,2144,46
Plain Text,/core/src/test/resources/org/apache/struts2/views/jsp/ui/Formtag-1.txt,Formtag-1.txt,4,4,0,0,0,189,5
Plain Text,/core/src/test/resources/org/apache/struts2/views/jsp/ui/Formtag-10.txt,Formtag-10.txt,4,4,0,0,0,237,5
Plain Text,/core/src/test/resources/org/apache/struts2/views/jsp/ui/Formtag-11.txt,Formtag-11.txt,32,30,0,2,0,1633,28
Plain Text,/core/src/test/resources/org/apache/struts2/views/jsp/ui/Formtag-12.txt,Formtag-12.txt,13,12,0,1,0,337,13
Plain Text,/core/src/test/resources/org/apache/struts2/views/jsp/ui/Formtag-13.txt,Formtag-13.txt,4,4,0,0,0,141,4
Plain Text,/core/src/test/resources/org/apache/struts2/views/jsp/ui/Formtag-14.txt,Formtag-14.txt,4,4,0,0,0,127,4
Plain Text,/core/src/test/resources/org/apache/struts2/views/jsp/ui/Formtag-2.txt,Formtag-2.txt,77,71,0,6,0,3363,63
Plain Text,/core/src/test/resources/org/apache/struts2/views/jsp/ui/Formtag-22.txt,Formtag-22.txt,74,71,0,3,0,3368,63
Plain Text,/core/src/test/resources/org/apache/struts2/views/jsp/ui/Formtag-23.txt,Formtag-23.txt,4,4,0,0,0,216,5
Plain Text,/core/src/test/resources/org/apache/struts2/views/jsp/ui/Formtag-24.txt,Formtag-24.txt,75,71,0,4,0,3454,64
Plain Text,/core/src/test/resources/org/apache/struts2/views/jsp/ui/Formtag-25.txt,Formtag-25.txt,4,4,0,0,0,194,4
Plain Text,/core/src/test/resources/org/apache/struts2/views/jsp/ui/Formtag-26.txt,Formtag-26.txt,1,1,0,0,0,222,1
Plain Text,/core/src/test/resources/org/apache/struts2/views/jsp/ui/Formtag-27.txt,Formtag-27.txt,10,10,0,0,0,312,9
Plain Text,/core/src/test/resources/org/apache/struts2/views/jsp/ui/Formtag-28.txt,Formtag-28.txt,10,10,0,0,0,276,11
Plain Text,/core/src/test/resources/org/apache/struts2/views/jsp/ui/Formtag-3.txt,Formtag-3.txt,4,4,0,0,0,156,5
Plain Text,/core/src/test/resources/org/apache/struts2/views/jsp/ui/Formtag-4.txt,Formtag-4.txt,4,4,0,0,0,104,5
Plain Text,/core/src/test/resources/org/apache/struts2/views/jsp/ui/Formtag-5.txt,Formtag-5.txt,4,4,0,0,0,154,5
Plain Text,/core/src/test/resources/org/apache/struts2/views/jsp/ui/Formtag-6.txt,Formtag-6.txt,30,28,0,2,0,1352,26
Plain Text,/core/src/test/resources/org/apache/struts2/views/jsp/ui/Formtag-7.txt,Formtag-7.txt,4,4,0,0,0,107,5
Plain Text,/core/src/test/resources/org/apache/struts2/views/jsp/ui/Formtag-8.txt,Formtag-8.txt,4,4,0,0,0,154,5
Plain Text,/core/src/test/resources/org/apache/struts2/views/jsp/ui/Formtag-9.txt,Formtag-9.txt,4,4,0,0,0,205,5
Java,/plugins/osgi/src/main/java/org/apache/struts2/osgi/loaders/FreeMarkerBundleResourceLoader.java,FreeMarkerBundleResourceLoader.java,40,10,23,7,0,1278,32
Java,/apps/showcase/src/test/java/it/org/apache/struts2/showcase/FreeMarkerManagerTest.java,FreeMarkerManagerTest.java,44,19,20,5,0,1534,37
Java,/core/src/test/java/org/apache/struts2/views/freemarker/FreeMarkerResultTest.java,FreeMarkerResultTest.java,186,134,23,29,0,6910,127
Java,/plugins/sitegraph/src/main/java/org/apache/struts2/sitegraph/entities/FreeMarkerView.java,FreeMarkerView.java,41,14,22,5,0,1297,32
Java,/plugins/sitemesh/src/main/java/org/apache/struts2/sitemesh/FreemarkerDecoratorServlet.java,FreemarkerDecoratorServlet.java,328,185,106,37,29,14195,241
Java,/core/src/main/java/org/apache/struts2/views/freemarker/FreemarkerManager.java,FreemarkerManager.java,538,328,130,80,61,21371,370
Java,/core/src/test/java/org/apache/struts2/views/freemarker/FreemarkerManagerTest.java,FreemarkerManagerTest.java,69,32,26,11,0,2646,53
Java,/plugins/sitemesh/src/main/java/org/apache/struts2/sitemesh/FreemarkerMapper2DecoratorSelector.java,FreemarkerMapper2DecoratorSelector.java,63,30,26,7,5,2683,54
Java,/plugins/sitemesh/src/main/java/org/apache/struts2/sitemesh/FreemarkerPageFilter.java,FreemarkerPageFilter.java,68,32,27,9,2,2537,55
Java,/core/src/main/java/org/apache/struts2/views/freemarker/FreemarkerResult.java,FreemarkerResult.java,420,182,199,39,39,15833,274
Java,/core/src/test/java/org/apache/struts2/views/freemarker/FreemarkerResultMockedTest.java,FreemarkerResultMockedTest.java,221,171,2,48,2,12828,134
Java,/core/src/main/java/org/apache/struts2/components/template/FreemarkerTemplateEngine.java,FreemarkerTemplateEngine.java,161,103,37,21,11,6366,126
Java,/core/src/test/java/org/apache/struts2/views/freemarker/FreemarkerTest.java,FreemarkerTest.java,79,38,22,19,0,2713,54
Java,/core/src/main/java/org/apache/struts2/views/freemarker/FreemarkerThemeTemplateLoader.java,FreemarkerThemeTemplateLoader.java,97,65,15,17,8,3401,69
Java,/core/src/test/java/org/apache/struts2/views/freemarker/FreemarkerThemeTemplateLoaderTest.java,FreemarkerThemeTemplateLoaderTest.java,66,43,6,17,0,2356,38
Java,/core/src/main/java/com/opensymphony/xwork2/inject/util/Function.java,Function.java,44,4,37,3,0,1622,36
Java,/plugins/embeddedjsp/src/main/java/org/apache/struts2/el/lang/FunctionMapperFactory.java,FunctionMapperFactory.java,59,26,23,10,6,1954,44
Java,/plugins/embeddedjsp/src/main/java/org/apache/struts2/jasper/el/FunctionMapperImpl.java,FunctionMapperImpl.java,35,12,16,7,0,1255,28
Java,/plugins/embeddedjsp/src/main/java/org/apache/struts2/el/lang/FunctionMapperImpl.java,FunctionMapperImpl.java,189,110,54,25,22,6042,130
Java,/core/src/test/java/com/opensymphony/xwork2/util/FurColor.java,FurColor.java,20,4,15,1,0,717,18
Java,/apps/showcase/src/main/java/org/apache/struts2/showcase/modelDriven/Gangster.java,Gangster.java,68,33,23,12,0,1693,47
Java,/plugins/embeddedjsp/src/main/java/org/apache/struts2/jasper/compiler/Generator.java,Generator.java,4200,3029,685,486,660,164159,2328
Java,/core/src/main/java/org/apache/struts2/components/GenericUIBean.java,GenericUIBean.java,143,19,116,8,0,4678,87
Java,/core/src/test/java/com/opensymphony/xwork2/validator/GenericValidatorContext.java,GenericValidatorContext.java,143,82,34,27,13,4068,80
Java,/core/src/test/java/com/opensymphony/xwork2/GenericsBean.java,GenericsBean.java,57,36,12,9,2,1365,41
Java,/apps/showcase/src/main/java/org/apache/struts2/showcase/ajax/tree/GetCategory.java,GetCategory.java,49,19,23,7,1,1303,38
Java,/apps/rest-showcase/src/test/java/it/org/apache/struts2/rest/example/GetOrdersTest.java,GetOrdersTest.java,32,24,0,8,0,786,20
Java,/core/src/test/java/com/opensymphony/xwork2/util/GetPropertiesTest.java,GetPropertiesTest.java,40,22,12,6,0,1301,33
Java,/apps/showcase/src/main/java/org/apache/struts2/showcase/hangman/GetUpdatedHangmanAction.java,GetUpdatedHangmanAction.java,59,27,20,12,0,1775,42
Java,/plugins/osgi/src/main/java/org/apache/struts2/osgi/host/GlassfishOSGiHost.java,GlassfishOSGiHost.java,178,111,40,27,11,6166,125
Java,/plugins/convention/src/test/java/org/apache/struts2/convention/actions/result/GlobalResultAction.java,GlobalResultAction.java,16,8,5,3,0,351,14
Java,/plugins/convention/src/test/java/org/apache/struts2/convention/actions/result/GlobalResultOverrideAction.java,GlobalResultOverrideAction.java,17,8,6,3,0,478,15
Java,/plugins/sitegraph/src/main/java/org/apache/struts2/sitegraph/model/Graph.java,Graph.java,88,47,28,13,7,2730,67
Java,/apps/showcase/src/main/java/org/apache/struts2/showcase/hangman/GuessCharacterAction.java,GuessCharacterAction.java,58,27,20,11,0,1655,42
Java,/plugins/gxp/src/main/java/org/apache/struts2/views/gxp/Gxp.java,Gxp.java,90,37,43,10,1,3012,65
Java,/plugins/gxp/src/main/java/org/apache/struts2/views/gxp/GxpInstance.java,GxpInstance.java,148,79,54,15,3,5524,106
Java,/plugins/gxp/src/main/java/org/apache/struts2/views/gxp/GxpResult.java,GxpResult.java,151,55,82,14,2,5112,105
Java,/apps/showcase/src/main/java/org/apache/struts2/showcase/hangman/Hangman.java,Hangman.java,109,70,24,15,6,3533,82
Java,/apps/showcase/src/main/java/org/apache/struts2/showcase/hangman/HangmanConstants.java,HangmanConstants.java,26,4,21,1,0,1013,24
Java,/apps/showcase/src/main/java/org/apache/struts2/showcase/hangman/HangmanException.java,HangmanException.java,44,17,20,7,0,1215,34
Java,/apps/showcase/src/main/java/org/apache/struts2/showcase/hangman/HangmanService.java,HangmanService.java,34,10,20,4,0,1107,28
Java,/core/src/main/java/org/apache/struts2/components/Head.java,Head.java,78,30,38,10,0,2349,59
Java,/core/src/main/java/org/apache/struts2/views/velocity/components/HeadDirective.java,HeadDirective.java,43,14,23,6,0,1400,34
Java,/plugins/javatemplates/src/main/java/org/apache/struts2/views/java/simple/HeadHandler.java,HeadHandler.java,50,21,20,9,2,1659,41
Java,/core/src/main/java/org/apache/struts2/views/freemarker/tags/HeadModel.java,HeadModel.java,43,14,23,6,0,1383,34
Java,/core/src/main/java/org/apache/struts2/views/jsp/ui/HeadTag.java,HeadTag.java,42,12,23,7,0,1383,33
Plain Text,/core/src/test/resources/org/apache/struts2/views/jsp/ui/HeadTagTest-1.txt,HeadTagTest-1.txt,2,2,0,0,0,136,2
Java,/core/src/test/java/org/apache/struts2/views/jsp/ui/HeadTagTest.java,HeadTagTest.java,44,11,27,6,0,1416,36
Java,/plugins/javatemplates/src/test/java/org/apache/struts2/views/java/simple/HeadTest.java,HeadTest.java,55,27,20,8,0,1711,41
Java,/bundles/demo/src/main/java/actions/osgi/HelloWorldAction.java,HelloWorldAction.java,34,27,0,7,1,859,24
Java,/core/src/main/java/org/apache/struts2/util/tomcat/buf/HexUtils.java,HexUtils.java,113,55,37,21,10,3665,77
Plain Text,/core/src/test/resources/org/apache/struts2/views/jsp/ui/Hidden-1.txt,Hidden-1.txt,5,5,0,0,0,125,6
Plain Text,/core/src/test/resources/org/apache/struts2/views/jsp/ui/Hidden-2.txt,Hidden-2.txt,5,5,0,0,0,150,6
Java,/core/src/main/java/org/apache/struts2/components/Hidden.java,Hidden.java,69,19,42,8,0,2235,54
Java,/core/src/main/java/org/apache/struts2/views/velocity/components/HiddenDirective.java,HiddenDirective.java,43,14,23,6,0,1410,34
Java,/plugins/javatemplates/src/main/java/org/apache/struts2/views/java/simple/HiddenHandler.java,HiddenHandler.java,45,20,20,5,0,1718,39
Java,/core/src/main/java/org/apache/struts2/views/freemarker/tags/HiddenModel.java,HiddenModel.java,43,14,23,6,0,1393,34
Java,/core/src/main/java/org/apache/struts2/views/jsp/ui/HiddenTag.java,HiddenTag.java,43,12,23,8,0,1393,33
Java,/core/src/test/java/org/apache/struts2/views/jsp/ui/HiddenTest.java,HiddenTest.java,95,49,30,16,0,3328,62
Java,/plugins/javatemplates/src/test/java/org/apache/struts2/views/java/simple/HiddenTest.java,HiddenTest.java,65,35,20,10,0,1971,49
Java,/core/src/main/java/org/apache/struts2/dispatcher/HostConfig.java,HostConfig.java,46,8,33,5,0,1448,35
Java,/plugins/rest/src/main/java/org/apache/struts2/rest/handler/HtmlHandler.java,HtmlHandler.java,48,17,23,8,0,1417,35
Java,/core/src/main/java/org/apache/struts2/result/HttpHeaderResult.java,HttpHeaderResult.java,211,82,108,21,14,7059,140
Java,/core/src/test/java/org/apache/struts2/result/HttpHeaderResultTest.java,HttpHeaderResultTest.java,134,89,23,22,0,4883,83
Java,/plugins/rest/src/main/java/org/apache/struts2/rest/HttpHeaders.java,HttpHeaders.java,57,10,39,8,0,1659,41
Java,/plugins/embeddedjsp/src/main/java/org/apache/struts2/jasper/runtime/HttpJspBase.java,HttpJspBase.java,88,47,24,17,0,2310,63
Java,/core/src/main/java/org/apache/struts2/dispatcher/HttpParameters.java,HttpParameters.java,202,144,23,35,10,6118,121
Java,/core/src/main/java/org/apache/struts2/interceptor/HttpParametersAware.java,HttpParametersAware.java,47,5,37,5,0,1567,37
Java,/core/src/main/java/com/opensymphony/xwork2/ognl/accessor/HttpParametersPropertyAccessor.java,HttpParametersPropertyAccessor.java,25,17,3,5,0,792,19
Java,/plugins/tiles/src/main/java/org/apache/struts2/tiles/I18NAttributeEvaluator.java,I18NAttributeEvaluator.java,68,38,18,12,4,2796,55
Java,/core/src/main/java/org/apache/struts2/components/I18n.java,I18n.java,159,77,63,19,10,5532,111
Java,/core/src/main/java/org/apache/struts2/views/velocity/components/I18nDirective.java,I18nDirective.java,43,14,23,6,0,1390,34
Java,/core/src/main/java/org/apache/struts2/interceptor/I18nInterceptor.java,I18nInterceptor.java,379,267,48,64,52,13942,213
Java,/core/src/test/java/org/apache/struts2/interceptor/I18nInterceptorTest.java,I18nInterceptorTest.java,286,200,23,63,0,11633,168
Java,/core/src/main/java/org/apache/struts2/views/freemarker/tags/I18nModel.java,I18nModel.java,43,14,23,6,0,1373,34
Java,/core/src/main/java/org/apache/struts2/views/jsp/I18nTag.java,I18nTag.java,55,20,23,12,0,1598,39
Java,/core/src/test/java/org/apache/struts2/views/jsp/I18nTagTest.java,I18nTagTest.java,120,65,32,23,0,3527,72
Java,/apps/showcase/src/test/java/it/org/apache/struts2/showcase/ITBaseTest.java,ITBaseTest.java,30,7,20,3,0,1084,26
Java,/apps/showcase/src/main/java/org/apache/struts2/showcase/model/IdEntity.java,IdEntity.java,35,6,23,6,0,1032,27
Java,/core/src/main/java/org/apache/struts2/components/If.java,If.java,99,30,58,11,2,2792,69
Java,/plugins/embeddedjsp/src/main/java/org/apache/struts2/jasper/tagplugins/jstl/core/If.java,If.java,50,29,16,5,7,2152,46
Java,/core/src/main/java/org/apache/struts2/views/freemarker/tags/IfModel.java,IfModel.java,45,14,23,8,0,1378,34
Java,/core/src/main/java/org/apache/struts2/views/jsp/IfTag.java,IfTag.java,53,19,23,11,0,1549,38
Java,/core/src/test/java/org/apache/struts2/views/jsp/IfTagTest.java,IfTagTest.java,353,242,35,76,0,9845,135
Java,/plugins/embeddedjsp/src/main/java/org/apache/struts2/jasper/compiler/ImplicitTagLibraryInfo.java,ImplicitTagLibraryInfo.java,218,142,47,29,34,8627,174
Java,/plugins/embeddedjsp/src/main/java/org/apache/struts2/jasper/tagplugins/jstl/core/Import.java,Import.java,382,263,56,63,10,23952,219
Java,/core/src/main/java/org/apache/struts2/components/Include.java,Include.java,388,186,138,64,30,13229,256
Java,/core/src/main/java/org/apache/struts2/views/velocity/components/IncludeDirective.java,IncludeDirective.java,43,14,23,6,0,1415,34
Java,/core/src/main/java/org/apache/struts2/views/freemarker/tags/IncludeModel.java,IncludeModel.java,43,14,23,6,0,1398,34
Java,/core/src/main/java/org/apache/struts2/views/jsp/IncludeTag.java,IncludeTag.java,55,20,23,12,0,1630,39
Java,/core/src/test/java/org/apache/struts2/views/jsp/IncludeTagTest.java,IncludeTagTest.java,132,71,29,32,0,4556,79
Java,/plugins/sitegraph/src/main/java/org/apache/struts2/sitegraph/model/IndentWriter.java,IndentWriter.java,63,31,22,10,3,1740,45
Java,/plugins/convention/src/test/java/org/apache/struts2/convention/actions/idx/idx2/Index.java,Index.java,29,7,20,2,0,1029,26
Java,/plugins/convention/src/test/java/org/apache/struts2/convention/actions/idx/Index.java,Index.java,29,7,20,2,0,1024,26
Java,/plugins/convention/src/test/java/org/apache/struts2/convention/actions/skip/Index.java,Index.java,29,7,20,2,0,1025,26
Java,/apps/rest-showcase/src/main/java/org/demo/rest/example/IndexController.java,IndexController.java,16,13,0,3,0,414,14
Java,/core/src/test/java/com/opensymphony/xwork2/util/Indexed.java,Indexed.java,41,25,4,12,0,758,24
Java,/plugins/convention/src/test/java/org/apache/struts2/convention/actions/result/InheritedResultExtends.java,InheritedResultExtends.java,25,3,20,2,0,969,22
Java,/plugins/convention/src/test/java/org/apache/struts2/convention/actions/result/InheritedResultTestBase.java,InheritedResultTestBase.java,29,6,20,3,0,1163,25
Java,/plugins/convention/src/test/java/org/apache/struts2/convention/actions/result/InheritedResultsExtends.java,InheritedResultsExtends.java,24,3,20,1,0,970,23
Java,/plugins/convention/src/test/java/org/apache/struts2/convention/actions/result/InheritedResultsTestBase.java,InheritedResultsTestBase.java,33,11,20,2,0,1433,31
Java,/core/src/main/java/org/apache/struts2/dispatcher/InitOperations.java,InitOperations.java,152,75,64,13,11,5493,100
Java,/core/src/main/java/com/opensymphony/xwork2/inject/Inject.java,Inject.java,47,12,29,6,0,1439,35
Java,/core/src/main/java/com/opensymphony/xwork2/interceptor/annotations/InputConfig.java,InputConfig.java,92,12,77,3,0,2786,70
Java,/core/src/main/java/org/apache/struts2/components/InputTransferSelect.java,InputTransferSelect.java,338,193,70,75,28,10472,212
Java,/core/src/main/java/org/apache/struts2/views/velocity/components/InputTransferSelectDirective.java,InputTransferSelectDirective.java,44,14,23,7,0,1506,34
Java,/core/src/main/java/org/apache/struts2/views/freemarker/tags/InputTransferSelectModel.java,InputTransferSelectModel.java,45,14,23,8,0,1490,34
Java,/core/src/main/java/org/apache/struts2/views/jsp/ui/InputTransferSelectTag.java,InputTransferSelectTag.java,206,136,23,47,0,5454,126
Java,/core/src/test/java/org/apache/struts2/views/jsp/ui/InputTransferSelectTagTest.java,InputTransferSelectTagTest.java,55,21,24,10,0,1712,42
Java,/core/src/main/java/com/opensymphony/xwork2/conversion/impl/InstantiatingNullHandler.java,InstantiatingNullHandler.java,151,77,51,23,20,5827,107
Java,/core/src/test/java/com/opensymphony/xwork2/conversion/impl/InstantiatingNullHandlerTest.java,InstantiatingNullHandlerTest.java,54,6,43,5,0,1740,43
Java,/core/src/main/java/com/opensymphony/xwork2/validator/validators/IntRangeFieldValidator.java,IntRangeFieldValidator.java,83,6,74,3,0,3645,66
Java,/core/src/main/java/com/opensymphony/xwork2/validator/annotations/IntRangeFieldValidator.java,IntRangeFieldValidator.java,194,19,162,13,0,6315,109
Java,/core/src/test/java/com/opensymphony/xwork2/validator/validators/IntRangeFieldValidatorTest.java,IntRangeFieldValidatorTest.java,76,50,9,17,3,2812,43
Java,/core/src/test/java/com/opensymphony/xwork2/validator/IntRangeValidatorTest.java,IntRangeValidatorTest.java,67,39,18,10,0,2512,54
XML,/core/src/test/resources/org/apache/struts2/views/jsp/ui/IntValidationAction-validation.xml,IntValidationAction-validation.xml,10,10,0,0,0,427,11
Java,/core/src/test/java/org/apache/struts2/views/jsp/ui/IntValidationAction.java,IntValidationAction.java,39,11,23,5,0,1145,30
Java,/core/src/main/java/com/opensymphony/xwork2/interceptor/Interceptor.java,Interceptor.java,220,8,204,8,0,8652,144
Java,/core/src/main/java/com/opensymphony/xwork2/config/providers/InterceptorBuilder.java,InterceptorBuilder.java,215,106,82,27,24,9515,159
Java,/core/src/test/java/com/opensymphony/xwork2/config/providers/InterceptorBuilderTest.java,InterceptorBuilderTest.java,320,207,39,74,0,17293,145
Java,/core/src/main/java/com/opensymphony/xwork2/config/entities/InterceptorConfig.java,InterceptorConfig.java,160,102,29,29,15,4714,98
Java,/core/src/main/java/com/opensymphony/xwork2/factory/InterceptorFactory.java,InterceptorFactory.java,32,8,19,5,0,1439,26
Java,/core/src/test/java/com/opensymphony/xwork2/config/providers/InterceptorForTestPurpose.java,InterceptorForTestPurpose.java,47,18,20,9,0,1371,34
Java,/core/src/main/java/com/opensymphony/xwork2/config/entities/InterceptorListHolder.java,InterceptorListHolder.java,31,6,21,4,0,1008,25
Java,/core/src/main/java/com/opensymphony/xwork2/config/entities/InterceptorLocator.java,InterceptorLocator.java,14,4,8,2,0,439,13
Java,/plugins/convention/src/main/java/org/apache/struts2/convention/InterceptorMapBuilder.java,InterceptorMapBuilder.java,48,8,36,4,0,1811,43
Java,/core/src/main/java/com/opensymphony/xwork2/config/entities/InterceptorMapping.java,InterceptorMapping.java,83,45,21,17,10,2332,55
Java,/plugins/convention/src/main/java/org/apache/struts2/convention/annotation/InterceptorRef.java,InterceptorRef.java,52,11,38,3,0,1960,46
Java,/plugins/convention/src/main/java/org/apache/struts2/convention/annotation/InterceptorRefs.java,InterceptorRefs.java,40,10,28,2,0,1391,37
Java,/core/src/main/java/com/opensymphony/xwork2/config/entities/InterceptorStackConfig.java,InterceptorStackConfig.java,195,87,80,28,11,5833,116
Java,/plugins/convention/src/test/java/org/apache/struts2/convention/actions/interceptor/InterceptorsAction.java,InterceptorsAction.java,51,21,25,5,0,1854,39
Java,/core/src/main/java/com/opensymphony/xwork2/inject/InternalContext.java,InternalContext.java,77,43,21,13,6,2269,51
Java,/core/src/main/java/com/opensymphony/xwork2/inject/InternalFactory.java,InternalFactory.java,35,5,26,4,0,986,27
Java,/core/src/main/java/com/opensymphony/xwork2/InvalidMetadataException.java,InvalidMetadataException.java,34,6,26,2,0,1033,30
Java,/core/src/main/java/org/apache/struts2/util/InvocationSessionStore.java,InvocationSessionStore.java,124,55,42,27,9,4172,77
Java,/core/src/test/java/org/apache/struts2/util/InvocationSessionStoreTest.java,InvocationSessionStoreTest.java,93,50,24,19,0,3497,67
Java,/core/src/main/java/org/apache/struts2/components/IteratorComponent.java,IteratorComponent.java,423,169,219,35,54,15130,277
Java,/core/src/test/java/org/apache/struts2/components/IteratorComponentTest.java,IteratorComponentTest.java,129,86,9,34,3,3395,50
Java,/core/src/main/java/org/apache/struts2/util/IteratorFilterSupport.java,IteratorFilterSupport.java,60,23,26,11,0,1752,42
Java,/core/src/main/java/org/apache/struts2/util/IteratorGenerator.java,IteratorGenerator.java,141,82,34,25,15,4255,99
Java,/core/src/main/java/org/apache/struts2/views/jsp/iterator/IteratorGeneratorTag.java,IteratorGeneratorTag.java,244,85,133,26,15,8461,172
XML,/apps/showcase/src/main/resources/org/apache/struts2/showcase/tag/nonui/iteratortag/IteratorGeneratorTagDemo-validation.xml,IteratorGeneratorTagDemo-validation.xml,22,17,0,5,0,519,18
Java,/apps/showcase/src/main/java/org/apache/struts2/showcase/tag/nonui/iteratortag/IteratorGeneratorTagDemo.java,IteratorGeneratorTagDemo.java,71,32,22,17,0,1642,44
Java,/core/src/test/java/org/apache/struts2/views/jsp/IteratorGeneratorTagTest.java,IteratorGeneratorTagTest.java,211,130,47,34,0,7522,95
Java,/core/src/main/java/org/apache/struts2/views/freemarker/tags/IteratorModel.java,IteratorModel.java,43,14,23,6,0,1420,34
Java,/core/src/main/java/org/apache/struts2/views/jsp/IteratorStatus.java,IteratorStatus.java,99,38,47,14,3,2674,72
Java,/core/src/main/java/org/apache/struts2/views/jsp/IteratorTag.java,IteratorTag.java,102,61,23,18,4,2872,74
Java,/core/src/test/java/org/apache/struts2/views/jsp/IteratorTagTest.java,IteratorTagTest.java,797,571,34,192,2,20363,231
Java,/core/src/main/java/org/apache/struts2/util/fs/JBossFileManager.java,JBossFileManager.java,213,177,16,20,36,8040,144
Java,/plugins/embeddedjsp/src/main/java/org/apache/struts2/el/parser/JJTELParserState.java,JJTELParserState.java,123,81,24,18,6,3364,87
Plain Text,/bundles/admin/src/main/resources/JQUERY-LICENSE.txt,JQUERY-LICENSE.txt,25,21,0,4,0,1311,22
Java,/plugins/json/src/main/java/org/apache/struts2/json/annotations/JSON.java,JSON.java,41,13,23,5,0,1313,33
Java,/plugins/json/src/main/java/org/apache/struts2/json/JSONActionRedirectResult.java,JSONActionRedirectResult.java,71,39,22,10,3,2576,56
Java,/plugins/json/src/test/java/org/apache/struts2/json/JSONActionRedirectResultTest.java,JSONActionRedirectResultTest.java,105,86,0,19,0,4177,61
Java,/plugins/json/src/main/java/org/apache/struts2/json/JSONCleaner.java,JSONCleaner.java,253,146,70,37,35,8368,164
Java,/plugins/json/src/test/java/org/apache/struts2/json/JSONCleanerTest.java,JSONCleanerTest.java,133,86,17,30,0,3213,69
Java,/plugins/json/src/test/java/org/apache/struts2/json/JSONEnumTest.java,JSONEnumTest.java,127,58,58,11,0,6447,86
Java,/plugins/json/src/main/java/org/apache/struts2/json/JSONException.java,JSONException.java,38,12,23,3,0,1203,31
Java,/plugins/json/src/main/java/org/apache/struts2/json/annotations/JSONFieldBridge.java,JSONFieldBridge.java,38,13,20,5,0,1350,32
Java,/plugins/json/src/main/java/org/apache/struts2/json/JSONInterceptor.java,JSONInterceptor.java,567,345,141,81,79,21002,357
Java,/plugins/json/src/test/java/org/apache/struts2/json/JSONInterceptorTest.java,JSONInterceptorTest.java,558,377,55,126,0,19411,267
Java,/plugins/json/src/main/java/org/apache/struts2/json/annotations/JSONParameter.java,JSONParameter.java,41,11,26,4,0,1279,35
Java,/plugins/json/src/main/java/org/apache/struts2/json/JSONPopulator.java,JSONPopulator.java,425,338,48,39,188,18559,284
Java,/plugins/json/src/test/java/org/apache/struts2/json/JSONPopulatorTest.java,JSONPopulatorTest.java,163,123,24,16,0,7029,113
Java,/plugins/json/src/main/java/org/apache/struts2/json/JSONReader.java,JSONReader.java,304,229,25,50,103,8181,193
Java,/plugins/json/src/test/java/org/apache/struts2/json/JSONReaderTest.java,JSONReaderTest.java,47,35,5,7,0,1215,30
Java,/plugins/json/src/main/java/org/apache/struts2/json/JSONResult.java,JSONResult.java,459,248,149,62,21,14817,270
Java,/plugins/json/src/test/java/org/apache/struts2/json/JSONResultTest.java,JSONResultTest.java,635,448,50,137,0,21844,258
Java,/plugins/json/src/main/java/org/apache/struts2/json/JSONUtil.java,JSONUtil.java,608,291,258,59,50,25016,345
Java,/plugins/json/src/test/java/org/apache/struts2/json/JSONUtilTest.java,JSONUtilTest.java,80,36,33,11,0,3696,67
Java,/plugins/json/src/main/java/org/apache/struts2/json/JSONValidationInterceptor.java,JSONValidationInterceptor.java,223,134,64,25,16,8306,164
Java,/plugins/json/src/test/java/org/apache/struts2/json/JSONValidationInterceptorTest.java,JSONValidationInterceptorTest.java,261,183,25,53,0,9550,147
Java,/plugins/json/src/main/java/org/apache/struts2/json/JSONWriter.java,JSONWriter.java,689,547,93,49,113,22631,405
Java,/plugins/json/src/test/java/org/apache/struts2/json/JSONWriterTest.java,JSONWriterTest.java,172,144,0,28,0,5500,82
Java,/apps/showcase/src/main/java/org/apache/struts2/showcase/action/JSPEvalAction.java,JSPEvalAction.java,71,39,25,7,6,2073,59
Java,/plugins/embeddedjsp/src/main/java/org/apache/struts2/JSPLoader.java,JSPLoader.java,265,168,55,42,7,10575,206
Java,/plugins/embeddedjsp/src/main/java/org/apache/struts2/JSPRuntime.java,JSPRuntime.java,78,43,26,9,6,3195,66
Java,/plugins/embeddedjsp/src/main/java/org/apache/struts2/JSPServletConfig.java,JSPServletConfig.java,55,24,23,8,0,1721,41
Java,/plugins/junit/src/test/java/org/apache/struts2/JUnitTestAction.java,JUnitTestAction.java,41,15,20,6,0,1337,34
Java,/apps/showcase/src/main/java/org/apache/struts2/showcase/xslt/JVMAction.java,JVMAction.java,103,56,23,24,0,2627,66
Java,/plugins/rest/src/main/java/org/apache/struts2/rest/handler/JacksonLibHandler.java,JacksonLibHandler.java,67,34,23,10,0,2351,50
Java,/plugins/rest/src/test/java/org/apache/struts2/rest/handler/JacksonLibHandlerTest.java,JacksonLibHandlerTest.java,95,59,20,16,0,3706,60
Java,/core/src/main/java/org/apache/struts2/dispatcher/multipart/JakartaMultiPartRequest.java,JakartaMultiPartRequest.java,352,224,78,50,56,12667,208
Java,/core/src/main/java/org/apache/struts2/dispatcher/multipart/JakartaStreamMultiPartRequest.java,JakartaStreamMultiPartRequest.java,469,261,150,58,51,16546,264
Java,/core/src/main/java/com/opensymphony/xwork2/util/fs/JarEntryRevision.java,JarEntryRevision.java,82,63,6,13,13,2917,61
Java,/core/src/main/java/com/opensymphony/xwork2/util/classloader/JarResourceStore.java,JarResourceStore.java,66,38,19,9,2,2074,52
Java,/plugins/embeddedjsp/src/main/java/org/apache/struts2/jasper/JasperException.java,JasperException.java,51,12,34,5,0,1659,40
Java,/plugins/embeddedjsp/src/main/java/org/apache/struts2/jasper/servlet/JasperLoader.java,JasperLoader.java,172,76,78,18,13,6561,140
Java,/plugins/jasperreports/src/main/java/org/apache/struts2/views/jasperreports/JasperReportConstants.java,JasperReportConstants.java,60,9,42,9,0,1538,39
Java,/plugins/jasperreports/src/main/java/org/apache/struts2/views/jasperreports/JasperReportsResult.java,JasperReportsResult.java,472,246,162,64,47,17793,324
Java,/plugins/embeddedjsp/src/main/java/org/apache/struts2/jasper/compiler/JasperTagInfo.java,JasperTagInfo.java,58,28,22,8,1,1953,47
Java,/plugins/javatemplates/src/main/java/org/apache/struts2/views/java/JavaTemplateEngine.java,JavaTemplateEngine.java,150,91,42,17,11,6404,116
Java,/plugins/embeddedjsp/src/main/java/org/apache/struts2/jasper/compiler/JavacErrorDetail.java,JavacErrorDetail.java,232,115,89,28,14,7650,157
Java,/core/src/main/java/com/opensymphony/xwork2/util/logging/jdk/JdkLogger.java,JdkLogger.java,125,77,20,28,0,3713,67
Java,/core/src/main/java/com/opensymphony/xwork2/util/logging/jdk/JdkLoggerFactory.java,JdkLoggerFactory.java,38,14,20,4,0,1219,31
Java,/plugins/rest/src/main/java/org/apache/struts2/rest/handler/JsonLibHandler.java,JsonLibHandler.java,97,58,23,16,14,3125,71
Java,/plugins/rest/src/test/java/org/apache/struts2/rest/handler/JsonLibHandlerTest.java,JsonLibHandlerTest.java,81,47,20,14,0,2977,52
Java,/plugins/embeddedjsp/src/main/java/org/apache/struts2/jasper/runtime/JspApplicationContextImpl.java,JspApplicationContextImpl.java,138,93,23,22,15,4420,100
Java,/plugins/embeddedjsp/src/main/java/org/apache/struts2/jasper/JspC.java,JspC.java,1236,802,273,161,185,38539,775
Java,/plugins/embeddedjsp/src/main/java/org/apache/struts2/jasper/servlet/JspCServletContext.java,JspCServletContext.java,425,137,166,122,12,9840,176
Java,/plugins/embeddedjsp/src/main/java/org/apache/struts2/jasper/JspCompilationContext.java,JspCompilationContext.java,731,456,180,95,81,23163,476
Java,/plugins/embeddedjsp/src/main/java/org/apache/struts2/jasper/compiler/JspConfig.java,JspConfig.java,535,394,67,74,126,19070,361
Java,/plugins/embeddedjsp/src/main/java/org/apache/struts2/jasper/runtime/JspContextWrapper.java,JspContextWrapper.java,462,303,81,78,75,12097,256
Java,/plugins/embeddedjsp/src/main/java/org/apache/struts2/jasper/compiler/JspDocumentParser.java,JspDocumentParser.java,1453,1270,117,66,99,50090,767
Java,/plugins/embeddedjsp/src/main/java/org/apache/struts2/jasper/el/JspELException.java,JspELException.java,26,7,16,3,0,1047,23
Java,/plugins/embeddedjsp/src/main/java/org/apache/struts2/jasper/runtime/JspFactoryImpl.java,JspFactoryImpl.java,209,155,24,30,18,7537,147
Java,/plugins/embeddedjsp/src/main/java/org/apache/struts2/jasper/runtime/JspFragmentHelper.java,JspFragmentHelper.java,65,30,27,8,1,2187,55
Java,/plugins/embeddedjsp/src/main/java/org/apache/struts2/jasper/el/JspMethodExpression.java,JspMethodExpression.java,108,76,16,16,6,3743,70
Java,/plugins/embeddedjsp/src/main/java/org/apache/struts2/jasper/el/JspMethodNotFoundException.java,JspMethodNotFoundException.java,26,7,16,3,0,1107,23
Java,/plugins/embeddedjsp/src/main/java/org/apache/struts2/jasper/el/JspPropertyNotFoundException.java,JspPropertyNotFoundException.java,28,8,16,4,0,1132,24
Java,/plugins/embeddedjsp/src/main/java/org/apache/struts2/jasper/el/JspPropertyNotWritableException.java,JspPropertyNotWritableException.java,27,8,16,3,0,1140,24
Java,/plugins/embeddedjsp/src/main/java/org/apache/struts2/jasper/compiler/JspReader.java,JspReader.java,657,436,162,59,68,19674,390
Java,/plugins/embeddedjsp/src/main/java/org/apache/struts2/jasper/compiler/JspRuntimeContext.java,JspRuntimeContext.java,455,244,153,58,45,15449,286
Java,/plugins/embeddedjsp/src/main/java/org/apache/struts2/jasper/runtime/JspRuntimeLibrary.java,JspRuntimeLibrary.java,1058,796,174,88,283,40127,602
Java,/plugins/embeddedjsp/src/main/java/org/apache/struts2/jasper/servlet/JspServlet.java,JspServlet.java,346,201,105,40,39,13305,256
Java,/plugins/embeddedjsp/src/main/java/org/apache/struts2/jasper/servlet/JspServletWrapper.java,JspServletWrapper.java,527,362,110,55,68,18066,327
Java,/plugins/embeddedjsp/src/main/java/org/apache/struts2/jasper/runtime/JspSourceDependent.java,JspSourceDependent.java,39,4,30,5,0,1470,33
Java,/core/src/main/java/org/apache/struts2/views/JspSupportServlet.java,JspSupportServlet.java,41,12,22,7,0,1313,32
Java,/core/src/main/java/org/apache/struts2/components/template/JspTemplateEngine.java,JspTemplateEngine.java,90,55,23,12,7,3102,73
Java,/core/src/test/java/org/apache/struts2/components/template/JspTemplateEngineTest.java,JspTemplateEngineTest.java,12,9,0,3,0,406,10
Java,/core/src/test/java/org/apache/struts2/views/jsp/ui/JspTemplateTest.java,JspTemplateTest.java,54,24,24,6,0,1898,45
Java,/plugins/embeddedjsp/src/main/java/org/apache/struts2/jasper/compiler/JspUtil.java,JspUtil.java,1201,1056,109,36,72,42934,746
Java,/plugins/embeddedjsp/src/main/java/org/apache/struts2/jasper/el/JspValueExpression.java,JspValueExpression.java,137,98,21,18,9,4744,79
Java,/plugins/sitegraph/src/main/java/org/apache/struts2/sitegraph/entities/JspView.java,JspView.java,41,14,22,5,0,1281,32
Java,/plugins/embeddedjsp/src/main/java/org/apache/struts2/jasper/runtime/JspWriterImpl.java,JspWriterImpl.java,661,276,325,60,61,20979,323
Java,/plugins/portlet/src/main/java/org/apache/struts2/portlet/dispatcher/Jsr168Dispatcher.java,Jsr168Dispatcher.java,674,354,276,44,47,30193,470
Java,/plugins/portlet/src/test/java/org/apache/struts2/portlet/dispatcher/Jsr168DispatcherTest.java,Jsr168DispatcherTest.java,287,203,45,39,7,13948,190
Java,/plugins/portlet/src/main/java/org/apache/struts2/portlet/dispatcher/Jsr286Dispatcher.java,Jsr286Dispatcher.java,72,61,1,10,4,2682,46
Java,/plugins/portlet/src/test/java/org/apache/struts2/portlet/dispatcher/Jsr286DispatcherTest.java,Jsr286DispatcherTest.java,340,243,56,41,7,12431,229
Java,/core/src/main/java/com/opensymphony/xwork2/util/Key.java,Key.java,76,10,62,4,0,2155,64
Java,/core/src/main/java/com/opensymphony/xwork2/inject/Key.java,Key.java,81,45,24,12,8,1947,52
Java,/core/src/main/java/com/opensymphony/xwork2/util/KeyProperty.java,KeyProperty.java,78,10,64,4,0,2296,66
Plain Text,/plugins/jasperreports/src/main/resources/LICENSE.txt,LICENSE.txt,174,149,0,25,0,10141,148
Plain Text,/apps/showcase/src/main/resources/LICENSE.txt,LICENSE.txt,174,149,0,25,0,10141,148
Plain Text,/plugins/portlet/src/main/resources/LICENSE.txt,LICENSE.txt,174,149,0,25,0,10315,149
Plain Text,/plugins/portlet-tiles/src/main/resources/LICENSE.txt,LICENSE.txt,174,149,0,25,0,10315,149
Plain Text,/plugins/sitegraph/src/main/resources/LICENSE.txt,LICENSE.txt,174,149,0,25,0,10141,148
Plain Text,/plugins/plexus/src/main/resources/LICENSE.txt,LICENSE.txt,174,149,0,25,0,10141,148
Plain Text,/plugins/json/src/main/resources/LICENSE.txt,LICENSE.txt,174,149,0,25,0,10141,148
Plain Text,/plugins/config-browser/src/main/resources/LICENSE.txt,LICENSE.txt,174,149,0,25,0,10141,148
Plain Text,/plugins/oval/src/main/resources/LICENSE.txt,LICENSE.txt,174,149,0,25,0,10141,148
Plain Text,/plugins/spring/src/main/resources/LICENSE.txt,LICENSE.txt,174,149,0,25,0,10141,148
Plain Text,/plugins/convention/src/main/resources/LICENSE.txt,LICENSE.txt,174,149,0,25,0,10141,148
Plain Text,/plugins/pell-multipart/src/main/resources/LICENSE.txt,LICENSE.txt,174,149,0,25,0,10141,148
Plain Text,/plugins/bean-validation/src/main/resources/LICENSE.txt,LICENSE.txt,174,149,0,25,0,10141,148
Plain Text,/plugins/jfreechart/src/main/resources/LICENSE.txt,LICENSE.txt,174,149,0,25,0,10141,148
Plain Text,/plugins/embeddedjsp/src/main/resources/LICENSE.txt,LICENSE.txt,174,149,0,25,0,10141,148
Plain Text,/assembly/src/main/resources/LICENSE.txt,LICENSE.txt,174,149,0,25,0,10141,148
Plain Text,/bundles/admin/src/main/resources/LICENSE.txt,LICENSE.txt,174,149,0,25,0,10141,148
Plain Text,/plugins/sitemesh/src/main/resources/LICENSE.txt,LICENSE.txt,174,149,0,25,0,10141,148
Plain Text,/plugins/cdi/src/main/resources/LICENSE.txt,LICENSE.txt,174,149,0,25,0,10141,148
Plain Text,/core/src/main/resources/LICENSE.txt,LICENSE.txt,174,149,0,25,0,10141,148
Plain Text,/plugins/tiles/src/main/resources/LICENSE.txt,LICENSE.txt,174,149,0,25,0,10141,148
Plain Text,/core/src/test/resources/org/apache/struts2/views/jsp/ui/Label-1.txt,Label-1.txt,4,4,0,0,0,167,5
Plain Text,/core/src/test/resources/org/apache/struts2/views/jsp/ui/Label-2.txt,Label-2.txt,4,4,0,0,0,157,5
Plain Text,/core/src/test/resources/org/apache/struts2/views/jsp/ui/Label-3.txt,Label-3.txt,6,6,0,0,0,177,5
Plain Text,/core/src/test/resources/org/apache/struts2/views/jsp/ui/Label-4.txt,Label-4.txt,4,4,0,0,0,160,4
Plain Text,/core/src/test/resources/org/apache/struts2/views/jsp/ui/Label-5.txt,Label-5.txt,4,4,0,0,0,157,4
Plain Text,/core/src/test/resources/org/apache/struts2/views/jsp/ui/Label-6.txt,Label-6.txt,1,1,0,0,0,33,2
Java,/core/src/main/java/org/apache/struts2/components/Label.java,Label.java,103,44,47,12,14,3692,79
Java,/core/src/main/java/org/apache/struts2/views/velocity/components/LabelDirective.java,LabelDirective.java,43,14,23,6,0,1405,34
Java,/plugins/javatemplates/src/main/java/org/apache/struts2/views/java/simple/LabelHandler.java,LabelHandler.java,48,23,20,5,1,1842,42
Java,/core/src/main/java/org/apache/struts2/views/freemarker/tags/LabelModel.java,LabelModel.java,43,14,23,6,0,1388,34
Java,/core/src/main/java/org/apache/struts2/views/jsp/ui/LabelTag.java,LabelTag.java,55,20,23,12,0,1616,39
Java,/plugins/javatemplates/src/test/java/org/apache/struts2/views/java/simple/LabelTest.java,LabelTest.java,65,34,20,11,0,1949,48
Java,/core/src/test/java/org/apache/struts2/views/jsp/ui/LabelTest.java,LabelTest.java,174,107,31,36,0,5506,83
Java,/plugins/sitegraph/src/main/java/org/apache/struts2/sitegraph/model/Link.java,Link.java,95,60,22,13,12,2773,68
Java,/plugins/json/src/test/java/org/apache/struts2/json/ListBean.java,ListBean.java,24,18,0,6,0,601,18
Java,/core/src/main/java/org/apache/struts2/util/ListEntry.java,ListEntry.java,53,20,24,9,0,1367,38
Properties File,/core/src/test/resources/com/opensymphony/xwork2/util/ListHolder-conversion.properties,ListHolder-conversion.properties,3,3,0,0,0,97,4
Java,/core/src/test/java/com/opensymphony/xwork2/util/ListHolder.java,ListHolder.java,37,26,3,8,0,694,25
Java,/apps/rest-showcase/src/test/java/it/org/apache/struts2/rest/example/ListOrdersTest.java,ListOrdersTest.java,39,31,0,8,0,1087,25
Java,/apps/showcase/src/main/java/org/apache/struts2/showcase/person/ListPeopleAction.java,ListPeopleAction.java,54,23,20,11,0,1583,40
Java,/core/src/main/java/org/apache/struts2/components/ListUIBean.java,ListUIBean.java,198,130,38,30,37,7258,136
Java,/plugins/config-browser/src/main/java/org/apache/struts2/config_browser/ListValidatorsAction.java,ListValidatorsAction.java,113,64,30,19,2,3272,80
Java,/core/src/main/java/org/apache/struts2/dispatcher/listener/ListenerHostConfig.java,ListenerHostConfig.java,50,20,23,7,0,1577,38
Properties File,/plugins/embeddedjsp/src/main/resources/org/apache/struts2/jasper/resources/LocalStrings.properties,LocalStrings.properties,429,403,23,3,0,36027,420
Properties File,/plugins/embeddedjsp/src/main/resources/org/apache/struts2/jasper/resources/LocalStrings_es.properties,LocalStrings_es.properties,423,397,23,3,0,37132,415
Properties File,/plugins/embeddedjsp/src/main/resources/org/apache/struts2/jasper/resources/LocalStrings_fr.properties,LocalStrings_fr.properties,320,295,22,3,0,25757,312
Properties File,/plugins/embeddedjsp/src/main/resources/org/apache/struts2/jasper/resources/LocalStrings_ja.properties,LocalStrings_ja.properties,422,395,23,4,0,63621,412
Java,/core/src/test/java/com/opensymphony/xwork2/LocaleAwareTest.java,LocaleAwareTest.java,71,40,21,10,0,2674,50
Java,/core/src/test/java/org/apache/struts2/views/jsp/ui/LocaleKeyValueTest.java,LocaleKeyValueTest.java,11,7,0,4,0,203,9
Java,/core/src/main/java/com/opensymphony/xwork2/LocaleProvider.java,LocaleProvider.java,58,7,44,7,0,1704,41
Java,/core/src/test/java/org/apache/struts2/views/jsp/ui/LocaleTestAction.java,LocaleTestAction.java,17,11,0,6,0,396,12
Java,/core/src/main/java/org/apache/struts2/dispatcher/LocalizedMessage.java,LocalizedMessage.java,104,74,20,10,28,3052,71
Java,/core/src/main/java/com/opensymphony/xwork2/util/LocalizedTextUtil.java,LocalizedTextUtil.java,1002,540,343,119,159,39543,546
Java,/core/src/test/java/com/opensymphony/xwork2/util/LocalizedTextUtilTest.java,LocalizedTextUtilTest.java,263,180,26,57,0,11599,156
Properties File,/core/src/test/resources/com/opensymphony/xwork2/util/LocalizedTextUtilTest.properties,LocalizedTextUtilTest.properties,3,3,0,0,0,59,4
Java,/plugins/embeddedjsp/src/main/java/org/apache/struts2/jasper/compiler/Localizer.java,Localizer.java,160,49,99,12,2,5295,76
Java,/core/src/main/java/com/opensymphony/xwork2/util/location/Locatable.java,Locatable.java,29,4,24,1,0,954,26
Java,/core/src/main/java/com/opensymphony/xwork2/config/impl/LocatableConstantFactory.java,LocatableConstantFactory.java,34,23,6,5,0,915,27
Java,/core/src/main/java/com/opensymphony/xwork2/config/impl/LocatableFactory.java,LocatableFactory.java,52,41,3,8,0,1572,43
Java,/core/src/main/java/com/opensymphony/xwork2/util/location/LocatableProperties.java,LocatableProperties.java,81,63,5,13,10,2373,60
Java,/core/src/main/java/com/opensymphony/xwork2/util/location/Located.java,Located.java,42,10,28,4,0,1150,33
Java,/core/src/main/java/com/opensymphony/xwork2/util/location/Location.java,Location.java,69,10,50,9,0,1975,46
Java,/core/src/main/java/com/opensymphony/xwork2/util/location/LocationAttributes.java,LocationAttributes.java,353,148,163,42,23,13822,214
Java,/core/src/test/java/com/opensymphony/xwork2/util/location/LocationAttributesTest.java,LocationAttributesTest.java,87,55,15,17,0,3325,62
Java,/core/src/main/java/com/opensymphony/xwork2/util/location/LocationImpl.java,LocationImpl.java,222,114,84,24,30,6835,144
Java,/core/src/test/java/com/opensymphony/xwork2/util/location/LocationImplTest.java,LocationImplTest.java,87,51,18,18,2,3161,63
Java,/core/src/main/java/com/opensymphony/xwork2/util/location/LocationUtils.java,LocationUtils.java,307,167,110,30,55,11905,212
Java,/core/src/test/java/com/opensymphony/xwork2/util/location/LocationUtilsTest.java,LocationUtilsTest.java,53,29,15,9,1,1930,43
Java,/core/src/main/java/com/opensymphony/xwork2/util/logging/log4j2/Log4j2Logger.java,Log4j2Logger.java,124,76,20,28,0,3431,69
Java,/core/src/main/java/com/opensymphony/xwork2/util/logging/log4j2/Log4j2LoggerFactory.java,Log4j2LoggerFactory.java,44,14,25,5,0,1491,34
Java,/core/src/main/java/com/opensymphony/xwork2/util/logging/Logger.java,Logger.java,70,26,20,24,0,1780,44
Java,/core/src/main/java/com/opensymphony/xwork2/util/logging/LoggerFactory.java,LoggerFactory.java,139,101,20,18,9,4773,93
Java,/core/src/main/java/com/opensymphony/xwork2/util/logging/LoggerUtils.java,LoggerUtils.java,86,43,36,7,14,2583,71
Java,/core/src/test/java/com/opensymphony/xwork2/util/logging/LoggerUtilsTest.java,LoggerUtilsTest.java,24,17,0,7,0,950,19
Java,/core/src/main/java/com/opensymphony/xwork2/interceptor/LoggingInterceptor.java,LoggingInterceptor.java,87,27,52,8,4,3390,67
Java,/apps/showcase/src/main/java/org/apache/struts2/showcase/wait/LongProcessAction.java,LongProcessAction.java,47,16,23,8,0,1318,35
Java,/core/src/main/java/com/opensymphony/xwork2/validator/validators/LongRangeFieldValidator.java,LongRangeFieldValidator.java,82,6,73,3,0,3611,65
Java,/core/src/test/java/com/opensymphony/xwork2/validator/validators/LongRangeFieldValidatorTest.java,LongRangeFieldValidatorTest.java,76,50,9,17,3,2835,43
Java,/core/src/test/java/com/opensymphony/xwork2/validator/LongRangeValidatorTest.java,LongRangeValidatorTest.java,64,39,15,10,0,2475,52
Java,/apps/showcase/src/main/java/org/apache/struts2/showcase/LotsOfOptiontransferselectAction.java,LotsOfOptiontransferselectAction.java,280,192,28,60,0,7037,160
XML,/apps/showcase/src/main/resources/org/apache/struts2/showcase/LotsOfRichtexteditorAction-lotsOfRichtexteditorSubmit-validation.xml,LotsOfRichtexteditorAction-lotsOfRichtexteditorSubmit-validation.xml,30,25,0,5,0,798,20
Java,/apps/showcase/src/main/java/org/apache/struts2/showcase/LotsOfRichtexteditorAction.java,LotsOfRichtexteditorAction.java,78,38,23,17,0,1918,48
Java,/plugins/sitegraph/src/main/java/org/apache/struts2/Main.java,Main.java,231,159,50,22,32,9350,165
Java,/core/src/main/java/org/apache/struts2/util/MakeIterator.java,MakeIterator.java,101,54,32,15,23,3009,72
Java,/core/src/main/java/org/apache/struts2/views/xslt/MapAdapter.java,MapAdapter.java,86,40,33,13,1,2791,66
Java,/plugins/embeddedjsp/src/main/java/org/apache/struts2/jasper/compiler/Mark.java,Mark.java,282,150,86,46,17,7822,195
Java,/core/src/main/java/com/opensymphony/xwork2/util/MemberAccessValueStack.java,MemberAccessValueStack.java,16,7,4,5,0,407,12
Java,/plugins/oval/src/test/java/org/apache/struts2/oval/interceptor/MemberObject.java,MemberObject.java,18,11,0,7,0,371,13
Java,/plugins/embeddedjsp/src/main/java/org/apache/struts2/compiler/MemoryClassLoader.java,MemoryClassLoader.java,54,22,27,5,2,2274,45
Java,/plugins/embeddedjsp/src/main/java/org/apache/struts2/compiler/MemoryJavaFileObject.java,MemoryJavaFileObject.java,61,30,23,8,0,2002,47
Java,/apps/showcase/src/main/java/org/apache/struts2/showcase/application/MemoryStorage.java,MemoryStorage.java,145,103,24,18,35,4141,96
Java,/core/src/main/java/org/apache/struts2/components/MergeIterator.java,MergeIterator.java,180,47,115,18,2,5976,133
Java,/core/src/main/java/org/apache/struts2/util/MergeIteratorFilter.java,MergeIteratorFilter.java,91,43,32,16,5,2718,66
Java,/core/src/main/java/org/apache/struts2/views/jsp/iterator/MergeIteratorTag.java,MergeIteratorTag.java,49,13,27,9,0,1621,37
Java,/apps/showcase/src/main/java/org/apache/struts2/showcase/tag/nonui/iteratortag/MergeIteratorTagDemo.java,MergeIteratorTagDemo.java,76,38,22,16,10,2276,50
Java,/core/src/test/java/org/apache/struts2/views/jsp/MergeIteratorTagTest.java,MergeIteratorTagTest.java,184,129,24,31,0,6318,93
Java,/bundles/demo/src/main/java/actions/osgi/Message.java,Message.java,37,13,20,4,0,1125,30
Java,/core/src/main/java/org/apache/struts2/util/tomcat/buf/MessageBytes.java,MessageBytes.java,546,342,146,58,50,15037,315
Java,/plugins/embeddedjsp/src/main/java/org/apache/struts2/el/util/MessageFactory.java,MessageFactory.java,70,36,23,11,0,2462,48
Java,/core/src/main/java/org/apache/struts2/interceptor/MessageStoreInterceptor.java,MessageStoreInterceptor.java,324,116,170,38,19,12509,209
Java,/core/src/test/java/org/apache/struts2/interceptor/MessageStoreInterceptorTest.java,MessageStoreInterceptorTest.java,307,202,27,78,0,12541,133
Java,/core/src/main/java/org/apache/struts2/interceptor/MessageStorePreResultListener.java,MessageStorePreResultListener.java,112,69,23,20,11,4681,80
Java,/core/src/test/java/org/apache/struts2/interceptor/MessageStorePreResultListenerTest.java,MessageStorePreResultListenerTest.java,268,201,8,59,0,12182,109
Properties File,/plugins/embeddedjsp/src/main/java/org/apache/struts2/el/Messages.properties,Messages.properties,63,27,25,11,0,2732,52
Java,/apps/showcase/src/main/java/org/apache/struts2/showcase/chat/MessagesAvailableInRoomAction.java,MessagesAvailableInRoomAction.java,61,30,20,11,0,1771,45
Properties File,/plugins/embeddedjsp/src/main/java/org/apache/struts2/el/Messages_es.properties,Messages_es.properties,42,27,14,1,0,2799,41
Java,/plugins/embeddedjsp/src/main/java/org/apache/struts2/el/MethodExpressionImpl.java,MethodExpressionImpl.java,315,97,195,23,6,12155,218
Java,/plugins/embeddedjsp/src/main/java/org/apache/struts2/el/MethodExpressionLiteral.java,MethodExpressionLiteral.java,96,60,17,19,7,3057,67
Java,/core/src/main/java/com/opensymphony/xwork2/interceptor/MethodFilterInterceptor.java,MethodFilterInterceptor.java,122,40,67,15,2,4084,86
Java,/core/src/main/java/com/opensymphony/xwork2/interceptor/MethodFilterInterceptorUtil.java,MethodFilterInterceptorUtil.java,145,76,55,14,33,5720,98
Java,/core/src/test/java/com/opensymphony/xwork2/interceptor/MethodFilterInterceptorUtilTest.java,MethodFilterInterceptorUtilTest.java,83,42,20,21,0,2882,50
Java,/core/src/main/java/com/opensymphony/xwork2/mock/MockActionInvocation.java,MockActionInvocation.java,133,82,23,28,1,3353,81
Java,/core/src/main/java/com/opensymphony/xwork2/mock/MockActionProxy.java,MockActionProxy.java,127,81,20,26,0,3131,80
Java,/core/src/main/java/com/opensymphony/xwork2/config/impl/MockConfiguration.java,MockConfiguration.java,117,76,19,22,0,3940,74
Java,/core/src/test/java/com/opensymphony/xwork2/config/providers/MockConfigurationProvider.java,MockConfigurationProvider.java,194,128,34,32,3,9817,133
Java,/core/src/main/java/com/opensymphony/xwork2/mock/MockContainer.java,MockContainer.java,41,24,3,14,0,754,19
Java,/core/src/main/java/org/apache/struts2/dispatcher/MockDispatcher.java,MockDispatcher.java,24,18,0,6,0,707,18
Java,/core/src/main/java/com/opensymphony/xwork2/mock/MockInterceptor.java,MockInterceptor.java,108,61,24,23,13,3102,69
Java,/core/src/test/java/com/opensymphony/xwork2/mock/MockLazyInterceptor.java,MockLazyInterceptor.java,39,19,15,5,1,1413,32
Java,/core/src/main/java/com/opensymphony/xwork2/mock/MockObjectTypeDeterminer.java,MockObjectTypeDeterminer.java,125,62,51,12,0,3675,79
Java,/core/src/main/java/com/opensymphony/xwork2/mock/MockResult.java,MockResult.java,53,21,23,9,2,1328,37
Java,/core/src/test/java/org/apache/struts2/views/jsp/ui/MockTag.java,MockTag.java,129,78,25,26,0,2856,84
Java,/core/src/main/java/com/opensymphony/xwork2/ModelDriven.java,ModelDriven.java,34,4,26,4,0,1053,28
XML,/core/src/test/resources/com/opensymphony/xwork2/ModelDrivenAction-validation.xml,ModelDrivenAction-validation.xml,13,13,0,0,0,572,13
Java,/plugins/bean-validation/src/test/java/org/apache/struts/beanvalidation/actions/ModelDrivenAction.java,ModelDrivenAction.java,38,12,20,6,0,1249,31
Java,/plugins/oval/src/test/java/org/apache/struts2/oval/interceptor/ModelDrivenAction.java,ModelDrivenAction.java,19,12,0,7,0,449,14
Java,/apps/showcase/src/main/java/org/apache/struts2/showcase/modelDriven/ModelDrivenAction.java,ModelDrivenAction.java,44,15,23,6,0,1374,33
Java,/core/src/test/java/com/opensymphony/xwork2/ModelDrivenAction.java,ModelDrivenAction.java,45,14,24,7,0,1197,34
Properties File,/core/src/test/resources/com/opensymphony/xwork2/ModelDrivenAction.properties,ModelDrivenAction.properties,1,1,0,0,0,49,2
Java,/core/src/test/java/com/opensymphony/xwork2/test/ModelDrivenAction2.java,ModelDrivenAction2.java,38,9,23,6,0,1098,30
Java,/core/src/test/java/com/opensymphony/xwork2/ModelDrivenAnnotationAction.java,ModelDrivenAnnotationAction.java,45,14,25,6,0,1261,35
Properties File,/core/src/test/resources/com/opensymphony/xwork2/ModelDrivenAnnotationAction.properties,ModelDrivenAnnotationAction.properties,6,1,4,1,0,119,5
Java,/core/src/test/java/com/opensymphony/xwork2/test/ModelDrivenAnnotationAction2.java,ModelDrivenAnnotationAction2.java,39,9,24,6,0,1175,31
Java,/core/src/main/java/com/opensymphony/xwork2/interceptor/ModelDrivenInterceptor.java,ModelDrivenInterceptor.java,143,55,73,15,11,4810,100
Java,/core/src/test/java/com/opensymphony/xwork2/interceptor/ModelDrivenInterceptorTest.java,ModelDrivenInterceptorTest.java,112,70,20,22,0,4051,71
Java,/core/src/test/java/com/opensymphony/xwork2/validator/ModelDrivenValidationTest.java,ModelDrivenValidationTest.java,54,24,21,9,0,2064,43
Java,/apps/showcase/src/main/java/org/apache/struts2/showcase/MoreSelectsAction.java,MoreSelectsAction.java,136,83,26,27,0,3433,85
Java,/core/src/main/java/org/apache/struts2/dispatcher/multipart/MultiPartRequest.java,MultiPartRequest.java,125,20,87,18,0,4421,77
Java,/core/src/main/java/org/apache/struts2/dispatcher/multipart/MultiPartRequestWrapper.java,MultiPartRequestWrapper.java,280,126,118,36,28,9335,160
Java,/plugins/rest/src/main/java/org/apache/struts2/rest/handler/MultipartFormDataHandler.java,MultipartFormDataHandler.java,64,18,39,7,0,2172,47
Java,/apps/showcase/src/main/java/org/apache/struts2/showcase/fileupload/MultipleFileUploadUsingArrayAction.java,MultipleFileUploadUsingArrayAction.java,82,43,27,12,3,2235,59
Properties File,/apps/showcase/src/main/resources/org/apache/struts2/showcase/fileupload/MultipleFileUploadUsingListAction-conversion.properties,MultipleFileUploadUsingListAction-conversion.properties,1,1,0,0,0,28,2
Java,/apps/showcase/src/main/java/org/apache/struts2/showcase/fileupload/MultipleFileUploadUsingListAction.java,MultipleFileUploadUsingListAction.java,85,45,27,13,3,2375,61
Java,/core/src/main/java/org/apache/struts2/interceptor/MultiselectInterceptor.java,MultiselectInterceptor.java,72,25,37,10,3,3023,61
Java,/core/src/test/java/org/apache/struts2/interceptor/MultiselectInterceptorTest.java,MultiselectInterceptorTest.java,141,89,23,29,0,5274,72
Java,/core/src/test/java/com/opensymphony/xwork2/util/annotation/MyAnnotation.java,MyAnnotation.java,11,7,0,4,0,228,8
Java,/core/src/test/java/com/opensymphony/xwork2/util/annotation/MyAnnotation2.java,MyAnnotation2.java,8,6,0,2,0,207,7
Java,/core/src/test/java/com/opensymphony/xwork2/util/MyBean.java,MyBean.java,54,25,20,9,0,1271,39
Properties File,/core/src/test/resources/com/opensymphony/xwork2/util/MyBeanAction-conversion.properties,MyBeanAction-conversion.properties,8,6,0,2,0,208,7
Java,/core/src/test/java/com/opensymphony/xwork2/util/MyBeanAction.java,MyBeanAction.java,55,25,20,10,0,1381,39
Java,/core/src/test/java/com/opensymphony/xwork2/util/MyBeanActionTest.java,MyBeanActionTest.java,104,64,21,19,0,4934,71
Java,/core/src/test/java/org/apache/struts2/factory/MyResultFactory.java,MyResultFactory.java,4,3,0,1,0,98,4
Java,/plugins/junit/src/test/java/org/apache/struts2/MySessionBean.java,MySessionBean.java,28,5,21,2,0,942,25
Java,/core/src/test/java/com/opensymphony/xwork2/validator/MyValidator.java,MyValidator.java,96,69,4,23,0,2111,56
Plain Text,/assembly/src/main/resources/NOTICE.txt,NOTICE.txt,20,18,0,2,0,799,19
Plain Text,/plugins/portlet-tiles/src/main/resources/NOTICE.txt,NOTICE.txt,5,4,0,1,0,170,5
Plain Text,/plugins/cdi/src/main/resources/NOTICE.txt,NOTICE.txt,5,4,0,1,0,167,5
Plain Text,/plugins/bean-validation/src/main/resources/NOTICE.txt,NOTICE.txt,8,6,0,2,0,288,7
Plain Text,/plugins/jfreechart/src/main/resources/NOTICE.txt,NOTICE.txt,5,4,0,1,0,166,5
Plain Text,/apps/showcase/src/main/resources/NOTICE.txt,NOTICE.txt,6,5,0,1,0,229,6
Plain Text,/plugins/config-browser/src/main/resources/NOTICE.txt,NOTICE.txt,5,4,0,1,0,166,5
Plain Text,/plugins/rest/src/main/resources/NOTICE.txt,NOTICE.txt,11,9,0,2,0,420,10
Plain Text,/plugins/pell-multipart/src/main/resources/NOTICE.txt,NOTICE.txt,5,4,0,1,0,166,5
Plain Text,/plugins/portlet/src/main/resources/NOTICE.txt,NOTICE.txt,5,4,0,1,0,170,5
Plain Text,/plugins/jasperreports/src/main/resources/NOTICE.txt,NOTICE.txt,5,4,0,1,0,166,5
Plain Text,/plugins/sitegraph/src/main/resources/NOTICE.txt,NOTICE.txt,5,4,0,1,0,166,5
Plain Text,/plugins/plexus/src/main/resources/NOTICE.txt,NOTICE.txt,9,7,0,2,0,324,8
Plain Text,/plugins/sitemesh/src/main/resources/NOTICE.txt,NOTICE.txt,8,6,0,2,0,288,7
Plain Text,/plugins/convention/src/main/resources/NOTICE.txt,NOTICE.txt,5,4,0,1,0,166,5
Plain Text,/plugins/tiles/src/main/resources/NOTICE.txt,NOTICE.txt,5,4,0,1,0,166,5
Plain Text,/bundles/admin/src/main/resources/NOTICE.txt,NOTICE.txt,8,6,0,2,0,275,8
Plain Text,/plugins/oval/src/main/resources/NOTICE.txt,NOTICE.txt,9,7,0,2,0,314,8
Plain Text,/plugins/spring/src/main/resources/NOTICE.txt,NOTICE.txt,5,4,0,1,0,166,5
Plain Text,/core/src/main/resources/NOTICE.txt,NOTICE.txt,11,9,0,2,0,418,10
Java,/core/src/main/java/com/opensymphony/xwork2/util/NamedVariablePatternMatcher.java,NamedVariablePatternMatcher.java,146,64,71,11,18,5277,108
Java,/core/src/test/java/com/opensymphony/xwork2/util/NamedVariablePatternMatcherTest.java,NamedVariablePatternMatcherTest.java,77,46,15,16,0,2789,51
Java,/plugins/convention/src/main/java/org/apache/struts2/convention/annotation/Namespace.java,Namespace.java,93,10,81,2,0,3424,73
Java,/core/src/main/java/com/opensymphony/xwork2/config/impl/NamespaceMatch.java,NamespaceMatch.java,47,16,26,5,0,1312,36
Java,/core/src/main/java/com/opensymphony/xwork2/config/impl/NamespaceMatcher.java,NamespaceMatcher.java,51,19,28,4,2,1788,42
Java,/core/src/test/java/com/opensymphony/xwork2/config/impl/NamespaceMatcherTest.java,NamespaceMatcherTest.java,41,21,15,5,0,1543,35
Java,/plugins/convention/src/main/java/org/apache/struts2/convention/annotation/Namespaces.java,Namespaces.java,39,10,27,2,0,1395,36
Java,/core/src/test/java/com/opensymphony/xwork2/NestedAction.java,NestedAction.java,67,30,23,14,0,2149,44
XML,/apps/showcase/src/main/resources/org/apache/struts2/showcase/person/NewPersonAction-validation.xml,NewPersonAction-validation.xml,8,8,0,0,0,295,9
Java,/apps/showcase/src/main/java/org/apache/struts2/showcase/person/NewPersonAction.java,NewPersonAction.java,54,25,20,9,0,1658,42
Java,/plugins/convention/src/test/java/org/apache/struts2/convention/actions/NoAnnotationAction.java,NoAnnotationAction.java,32,6,25,1,0,1029,29
Java,/core/src/test/java/com/opensymphony/xwork2/config/providers/NoNoArgsConstructorAction.java,NoNoArgsConstructorAction.java,26,11,9,6,0,537,19
Java,/core/src/main/java/org/apache/struts2/interceptor/NoParameters.java,NoParameters.java,33,3,27,3,0,1336,27
Java,/core/src/main/java/com/opensymphony/xwork2/interceptor/NoParameters.java,NoParameters.java,34,3,29,2,0,1267,29
Java,/plugins/embeddedjsp/src/main/java/org/apache/struts2/jasper/compiler/Node.java,Node.java,2567,1555,549,463,124,75725,1133
Java,/plugins/embeddedjsp/src/main/java/org/apache/struts2/el/parser/Node.java,Node.java,99,21,56,22,0,2955,61
Java,/plugins/embeddedjsp/src/main/java/org/apache/struts2/el/parser/NodeVisitor.java,NodeVisitor.java,25,4,20,1,0,1057,23
XML,/apps/showcase/src/main/resources/org/apache/struts2/showcase/validation/NonFieldValidatorsExampleAction-submitNonFieldValidatorsExamples-validation.xml,NonFieldValidatorsExampleAction-submitNonFieldValidatorsExamples-validation.xml,18,10,2,6,0,572,14
Java,/apps/showcase/src/main/java/org/apache/struts2/showcase/validation/NonFieldValidatorsExampleAction.java,NonFieldValidatorsExampleAction.java,65,25,24,16,0,1714,42
Java,/plugins/sitemesh/src/main/java/org/apache/struts2/sitemesh/NoneDecoratorMapper.java,NoneDecoratorMapper.java,42,13,23,6,1,1449,35
Java,/core/src/test/java/org/apache/struts2/dispatcher/NullActionMapper.java,NullActionMapper.java,57,22,23,12,0,1919,39
Java,/core/src/main/java/com/opensymphony/xwork2/conversion/NullHandler.java,NullHandler.java,69,7,59,3,0,2768,58
Java,/core/src/test/java/com/opensymphony/xwork2/test/subtest/NullModelDrivenAction.java,NullModelDrivenAction.java,19,8,8,3,0,424,17
Java,/core/src/main/java/org/apache/struts2/config/NullResult.java,NullResult.java,37,8,23,6,0,1211,29
Java,/core/src/main/java/org/apache/struts2/components/Number.java,Number.java,406,215,146,45,53,13212,255
Java,/core/src/main/java/com/opensymphony/xwork2/conversion/impl/NumberConverter.java,NumberConverter.java,118,99,4,15,72,5659,89
Java,/core/src/test/java/com/opensymphony/xwork2/conversion/impl/NumberConverterTest.java,NumberConverterTest.java,42,25,6,11,0,1309,24
Java,/core/src/main/java/org/apache/struts2/views/jsp/NumberTag.java,NumberTag.java,139,66,53,20,0,4122,88
Java,/core/src/test/java/org/apache/struts2/views/jsp/NumberTagTest.java,NumberTagTest.java,99,61,12,26,0,2787,40
Plain Text,/core/src/main/resources/OGNL-LICENSE.txt,OGNL-LICENSE.txt,50,50,0,0,0,2563,42
Plain Text,/plugins/oval/src/main/resources/OVAL-LICENSE.txt,OVAL-LICENSE.txt,88,44,0,44,0,11337,46
Java,/plugins/oval/src/main/java/org/apache/struts2/oval/interceptor/OValValidationInterceptor.java,OValValidationInterceptor.java,282,175,62,45,31,11784,198
Java,/plugins/oval/src/test/java/org/apache/struts2/oval/interceptor/OValValidationInterceptorTest.java,OValValidationInterceptorTest.java,324,244,21,59,0,15641,149
Java,/plugins/oval/src/main/java/org/apache/struts2/oval/interceptor/OValValidationManager.java,OValValidationManager.java,51,7,40,4,0,1765,42
Java,/core/src/main/java/com/opensymphony/xwork2/ognl/accessor/ObjectAccessor.java,ObjectAccessor.java,29,21,3,5,0,942,23
Java,/core/src/main/java/com/opensymphony/xwork2/ObjectFactory.java,ObjectFactory.java,261,106,126,29,7,10432,151
Java,/core/src/main/java/org/apache/struts2/util/ObjectFactoryDestroyable.java,ObjectFactoryDestroyable.java,33,4,27,2,0,1130,28
Java,/core/src/main/java/com/opensymphony/xwork2/util/profiling/ObjectProfiler.java,ObjectProfiler.java,152,54,84,14,10,5956,105
Java,/core/src/main/java/com/opensymphony/xwork2/ognl/ObjectProxy.java,ObjectProxy.java,55,24,23,8,0,1610,40
Java,/core/src/main/java/com/opensymphony/xwork2/ognl/accessor/ObjectProxyPropertyAccessor.java,ObjectProxyPropertyAccessor.java,78,30,36,12,0,2586,53
Java,/core/src/main/java/org/apache/struts2/interceptor/debugging/ObjectToHTMLWriter.java,ObjectToHTMLWriter.java,173,119,36,18,32,6160,120
Java,/core/src/main/java/com/opensymphony/xwork2/conversion/ObjectTypeDeterminer.java,ObjectTypeDeterminer.java,37,7,24,6,0,1446,30
Java,/core/src/main/java/com/opensymphony/xwork2/ognl/OgnlNullHandlerWrapper.java,OgnlNullHandlerWrapper.java,24,16,0,8,0,676,16
Java,/core/src/main/java/com/opensymphony/xwork2/ognl/OgnlReflectionContextFactory.java,OgnlReflectionContextFactory.java,14,9,0,5,0,343,10
Java,/core/src/main/java/com/opensymphony/xwork2/ognl/OgnlReflectionProvider.java,OgnlReflectionProvider.java,125,103,0,22,0,4327,64
Java,/core/src/main/java/com/opensymphony/xwork2/util/OgnlTextParser.java,OgnlTextParser.java,83,65,8,10,33,3167,68
Java,/core/src/main/java/org/apache/struts2/views/jsp/ui/OgnlTool.java,OgnlTool.java,55,21,22,12,0,1437,40
Java,/core/src/main/java/com/opensymphony/xwork2/ognl/OgnlTypeConverterWrapper.java,OgnlTypeConverterWrapper.java,45,20,18,7,2,1540,35
Java,/core/src/main/java/com/opensymphony/xwork2/ognl/OgnlUtil.java,OgnlUtil.java,658,404,167,87,71,26617,377
Java,/core/src/test/java/com/opensymphony/xwork2/ognl/OgnlUtilTest.java,OgnlUtilTest.java,864,643,34,187,8,28745,421
Java,/core/src/main/java/com/opensymphony/xwork2/ognl/OgnlValueStack.java,OgnlValueStack.java,477,327,87,63,39,17382,282
Java,/core/src/main/java/com/opensymphony/xwork2/ognl/OgnlValueStackFactory.java,OgnlValueStackFactory.java,112,82,18,12,15,4445,80
Java,/core/src/test/java/com/opensymphony/xwork2/ognl/OgnlValueStackTest.java,OgnlValueStackTest.java,1069,776,53,240,0,33277,479
Java,/plugins/sitemesh/src/main/java/org/apache/struts2/sitemesh/OldDecorator2NewStrutsDecorator.java,OldDecorator2NewStrutsDecorator.java,212,113,59,40,14,7605,124
Java,/plugins/sitemesh/src/main/java/org/apache/struts2/sitemesh/OldDecorator2NewStrutsFreemarkerDecorator.java,OldDecorator2NewStrutsFreemarkerDecorator.java,108,56,38,14,4,4850,89
Java,/plugins/sitemesh/src/main/java/org/apache/struts2/sitemesh/OldDecorator2NewStrutsVelocityDecorator.java,OldDecorator2NewStrutsVelocityDecorator.java,108,51,40,17,2,4409,85
Java,/apps/showcase/src/main/java/org/apache/struts2/showcase/conversion/OperationsEnum.java,OperationsEnum.java,32,8,23,1,0,976,29
Plain Text,/apps/showcase/src/main/webapp/WEB-INF/conversion/OperationsEnum.java.txt,OperationsEnum.java.txt,30,29,0,1,0,793,26
Properties File,/apps/showcase/src/main/resources/org/apache/struts2/showcase/conversion/OperationsEnumAction-conversion.properties,OperationsEnumAction-conversion.properties,4,2,0,2,0,159,3
Java,/apps/showcase/src/main/java/org/apache/struts2/showcase/conversion/OperationsEnumAction.java,OperationsEnumAction.java,59,24,23,12,0,1703,40
Plain Text,/apps/showcase/src/main/webapp/WEB-INF/conversion/OperationsEnumAction.java.txt,OperationsEnumAction.java.txt,53,43,0,10,0,1516,37
Plain Text,/apps/showcase/src/main/webapp/WEB-INF/conversion/OperationsEnumActionConversion.txt,OperationsEnumActionConversion.txt,4,2,0,2,0,159,3
Plain Text,/core/src/test/resources/org/apache/struts2/views/jsp/ui/OptGroup-1.txt,OptGroup-1.txt,40,36,0,4,0,623,29
Plain Text,/core/src/test/resources/org/apache/struts2/views/jsp/ui/OptGroup-2.txt,OptGroup-2.txt,41,37,0,4,0,644,30
Plain Text,/core/src/test/resources/org/apache/struts2/views/jsp/ui/OptGroup-3.txt,OptGroup-3.txt,43,39,0,4,0,801,31
Plain Text,/core/src/test/resources/org/apache/struts2/views/jsp/ui/OptGroup-4.txt,OptGroup-4.txt,40,36,0,4,0,626,29
Plain Text,/core/src/test/resources/org/apache/struts2/views/jsp/ui/OptGroup-5.txt,OptGroup-5.txt,42,38,0,4,0,798,31
Plain Text,/core/src/test/resources/org/apache/struts2/views/jsp/ui/OptGroup-6.txt,OptGroup-6.txt,40,36,0,4,0,644,29
Plain Text,/core/src/test/resources/org/apache/struts2/views/jsp/ui/OptGroup-7.txt,OptGroup-7.txt,43,39,0,4,0,787,31
Java,/core/src/main/java/org/apache/struts2/components/OptGroup.java,OptGroup.java,146,75,51,20,4,4842,109
Java,/core/src/main/java/org/apache/struts2/views/velocity/components/OptGroupDirective.java,OptGroupDirective.java,45,14,23,8,0,1437,34
Java,/core/src/main/java/org/apache/struts2/views/freemarker/tags/OptGroupModel.java,OptGroupModel.java,44,14,24,6,0,1444,34
Java,/core/src/main/java/org/apache/struts2/views/jsp/ui/OptGroupTag.java,OptGroupTag.java,80,42,23,15,0,2323,56
Java,/core/src/test/java/org/apache/struts2/views/jsp/ui/OptGroupTest.java,OptGroupTest.java,259,178,27,54,0,9335,105
Java,/core/src/main/java/org/apache/struts2/components/OptionTransferSelect.java,OptionTransferSelect.java,571,345,110,116,49,19564,366
Java,/core/src/main/java/org/apache/struts2/views/velocity/components/OptionTransferSelectDirective.java,OptionTransferSelectDirective.java,45,14,23,8,0,1482,34
Java,/core/src/main/java/org/apache/struts2/views/freemarker/tags/OptionTransferSelectModel.java,OptionTransferSelectModel.java,45,14,23,8,0,1465,34
Java,/core/src/main/java/org/apache/struts2/views/jsp/ui/OptionTransferSelectTag.java,OptionTransferSelectTag.java,348,232,23,93,0,9856,198
Java,/core/src/test/java/org/apache/struts2/views/jsp/ui/OptionTransferSelectTagTest.java,OptionTransferSelectTagTest.java,529,375,30,124,0,16126,106
Java,/plugins/embeddedjsp/src/main/java/org/apache/struts2/jasper/Options.java,Options.java,195,36,126,33,0,5396,108
Java,/apps/rest-showcase/src/main/java/org/demo/rest/example/Order.java,Order.java,75,68,0,7,6,1870,53
Java,/apps/rest-showcase/src/main/java/org/demo/rest/example/OrdersController.java,OrdersController.java,97,71,8,18,6,2686,68
Java,/apps/rest-showcase/src/main/java/org/demo/rest/example/OrdersService.java,OrdersService.java,35,26,0,9,2,794,23
Java,/plugins/osgi/src/main/java/org/apache/struts2/osgi/OsgiConfigurationProvider.java,OsgiConfigurationProvider.java,268,170,62,36,23,10504,180
Java,/plugins/osgi/src/main/java/org/apache/struts2/osgi/host/OsgiHost.java,OsgiHost.java,45,16,24,5,0,1637,39
Java,/plugins/osgi/src/main/java/org/apache/struts2/osgi/OsgiHostFactory.java,OsgiHostFactory.java,54,15,33,6,1,1622,41
Java,/plugins/osgi/src/main/java/org/apache/struts2/osgi/interceptor/OsgiInterceptor.java,OsgiInterceptor.java,99,59,28,12,18,4506,85
Java,/plugins/osgi/src/test/java/org/apache/struts2/osgi/interceptor/OsgiInterceptorTest.java,OsgiInterceptorTest.java,85,64,1,20,0,3937,44
Java,/plugins/osgi/src/main/java/org/apache/struts2/osgi/OsgiUtil.java,OsgiUtil.java,98,38,49,11,3,3664,68
Java,/plugins/json/src/test/java/org/apache/struts2/json/OtherBean.java,OtherBean.java,97,59,20,18,0,2446,63
Java,/plugins/embeddedjsp/src/main/java/org/apache/struts2/jasper/tagplugins/jstl/core/Otherwise.java,Otherwise.java,32,8,18,6,0,1218,28
Java,/plugins/embeddedjsp/src/main/java/org/apache/struts2/jasper/tagplugins/jstl/core/Out.java,Out.java,90,52,26,12,2,4245,75
Java,/plugins/convention/src/test/java/org/apache/struts2/convention/actions/result/OverrideInheritedResultExtends.java,OverrideInheritedResultExtends.java,27,5,20,2,0,1180,25
Java,/plugins/convention/src/test/java/org/apache/struts2/convention/actions/result/OverrideInheritedResultTestBase.java,OverrideInheritedResultTestBase.java,27,5,20,2,0,1102,25
Java,/plugins/convention/src/test/java/org/apache/struts2/convention/actions/result/OverrideResultAction.java,OverrideResultAction.java,35,11,20,4,0,1271,31
Java,/core/src/test/java/com/opensymphony/xwork2/util/Owner.java,Owner.java,37,10,21,6,0,903,28
Java,/plugins/convention/src/main/java/org/apache/struts2/convention/PackageBasedActionConfigBuilder.java,PackageBasedActionConfigBuilder.java,1134,714,281,139,222,52911,751
Java,/plugins/convention/src/test/java/org/apache/struts2/convention/PackageBasedActionConfigBuilderTest.java,PackageBasedActionConfigBuilderTest.java,856,648,82,126,57,56302,586
Java,/core/src/main/java/com/opensymphony/xwork2/config/entities/PackageConfig.java,PackageConfig.java,636,409,127,100,99,23073,341
Java,/core/src/test/java/com/opensymphony/xwork2/config/entities/PackageConfigTest.java,PackageConfigTest.java,92,48,27,17,0,3016,43
Java,/plugins/convention/src/test/java/org/apache/struts2/convention/actions/allowedmethods/PackageLevelAllowedMethodsAction.java,PackageLevelAllowedMethodsAction.java,7,4,0,3,0,160,5
Java,/plugins/convention/src/test/java/org/apache/struts2/convention/actions/allowedmethods/sub/PackageLevelAllowedMethodsChildAction.java,PackageLevelAllowedMethodsChildAction.java,9,5,0,4,0,305,6
Java,/plugins/convention/src/test/java/org/apache/struts2/convention/actions/namespace/PackageLevelNamespaceAction.java,PackageLevelNamespaceAction.java,32,6,25,1,0,1049,29
Java,/plugins/convention/src/test/java/org/apache/struts2/convention/actions/parentpackage/PackageLevelParentPackageAction.java,PackageLevelParentPackageAction.java,32,6,25,1,0,1050,29
Java,/plugins/convention/src/test/java/org/apache/struts2/convention/actions/parentpackage/sub/PackageLevelParentPackageChildAction.java,PackageLevelParentPackageChildAction.java,29,4,23,2,0,1250,26
Java,/plugins/convention/src/test/java/org/apache/struts2/convention/actions/resultpath/PackageLevelResultPathAction.java,PackageLevelResultPathAction.java,32,6,25,1,0,1063,29
Java,/plugins/osgi/src/main/java/org/apache/struts2/osgi/PackageLoader.java,PackageLoader.java,43,14,23,6,0,1596,35
Java,/core/src/main/java/com/opensymphony/xwork2/config/PackageProvider.java,PackageProvider.java,46,6,35,5,0,1608,35
Java,/core/src/test/java/PackagelessAction.java,PackagelessAction.java,45,12,24,9,0,1168,33
Properties File,/core/src/test/resources/PackagelessAction.properties,PackagelessAction.properties,1,1,0,0,0,33,2
Java,/plugins/embeddedjsp/src/main/java/org/apache/struts2/jasper/runtime/PageContextImpl.java,PageContextImpl.java,956,724,88,144,149,25870,538
Java,/plugins/embeddedjsp/src/main/java/org/apache/struts2/jasper/compiler/PageDataImpl.java,PageDataImpl.java,711,432,194,85,74,20806,406
Java,/plugins/embeddedjsp/src/main/java/org/apache/struts2/jasper/compiler/PageInfo.java,PageInfo.java,711,420,157,134,54,19020,382
Java,/core/src/main/java/org/apache/struts2/components/Param.java,Param.java,202,70,115,17,22,7260,147
Java,/plugins/embeddedjsp/src/main/java/org/apache/struts2/jasper/tagplugins/jstl/core/Param.java,Param.java,77,40,26,11,2,3890,67
Java,/plugins/gxp/src/main/java/org/apache/struts2/views/gxp/Param.java,Param.java,96,56,25,15,4,2774,71
Java,/core/src/main/java/org/apache/struts2/views/velocity/components/ParamDirective.java,ParamDirective.java,43,14,23,6,0,1395,34
Java,/core/src/main/java/org/apache/struts2/views/freemarker/tags/ParamModel.java,ParamModel.java,43,14,23,6,0,1378,34
Java,/core/src/main/java/com/opensymphony/xwork2/result/ParamNameAwareResult.java,ParamNameAwareResult.java,10,4,3,3,0,240,8
Java,/core/src/main/java/org/apache/struts2/views/jsp/ParamTag.java,ParamTag.java,66,31,23,12,0,2029,49
Java,/core/src/main/java/org/apache/struts2/dispatcher/Parameter.java,Parameter.java,151,116,0,35,13,3584,70
Java,/core/src/main/java/org/apache/struts2/dispatcher/mapper/ParameterAction.java,ParameterAction.java,36,4,28,4,0,1443,30
Java,/core/src/main/java/org/apache/struts2/interceptor/ParameterAware.java,ParameterAware.java,53,6,43,4,0,1736,40
Java,/core/src/main/java/com/opensymphony/xwork2/interceptor/ParameterFilterInterceptor.java,ParameterFilterInterceptor.java,234,88,120,26,20,7608,154
Java,/core/src/test/java/com/opensymphony/xwork2/interceptor/ParameterFilterInterceptorTest.java,ParameterFilterInterceptorTest.java,126,86,20,20,1,4659,92
Java,/core/src/main/java/com/opensymphony/xwork2/interceptor/ParameterNameAware.java,ParameterNameAware.java,34,4,27,3,0,1374,30
Java,/core/src/main/java/com/opensymphony/xwork2/ognl/accessor/ParameterPropertyAccessor.java,ParameterPropertyAccessor.java,33,25,3,5,4,1102,25
Java,/core/src/main/java/com/opensymphony/xwork2/interceptor/ParameterRemoverInterceptor.java,ParameterRemoverInterceptor.java,139,43,83,13,8,5080,110
Java,/core/src/test/java/com/opensymphony/xwork2/interceptor/ParameterRemoverInterceptorTest.java,ParameterRemoverInterceptorTest.java,113,84,4,25,0,3799,64
Java,/apps/rest-showcase/src/test/java/it/org/apache/struts2/rest/example/ParameterUtils.java,ParameterUtils.java,12,10,0,2,2,310,11
Java,/apps/showcase/src/test/java/it/org/apache/struts2/showcase/ParameterUtils.java,ParameterUtils.java,32,10,20,2,2,1119,29
Java,/core/src/main/java/com/opensymphony/xwork2/config/entities/Parameterizable.java,Parameterizable.java,42,7,30,5,0,1284,32
Java,/plugins/json/src/main/java/org/apache/struts2/json/bridge/ParameterizedBridge.java,ParameterizedBridge.java,34,5,25,4,0,1063,28
Java,/core/src/main/java/com/opensymphony/xwork2/interceptor/ParametersInterceptor.java,ParametersInterceptor.java,350,215,89,46,36,13391,231
Java,/core/src/test/java/com/opensymphony/xwork2/interceptor/ParametersInterceptorTest.java,ParametersInterceptorTest.java,878,659,59,160,1,38060,398
Java,/core/src/test/java/com/opensymphony/xwork2/conversion/impl/ParentClass.java,ParentClass.java,27,15,6,6,0,458,20
Java,/plugins/convention/src/main/java/org/apache/struts2/convention/annotation/ParentPackage.java,ParentPackage.java,78,10,66,2,0,2777,63
Java,/plugins/embeddedjsp/src/main/java/org/apache/struts2/el/parser/ParseException.java,ParseException.java,210,112,85,13,19,7036,158
Java,/plugins/embeddedjsp/src/main/java/org/apache/struts2/jasper/compiler/Parser.java,Parser.java,1791,1567,156,68,147,67767,954
Java,/plugins/embeddedjsp/src/main/java/org/apache/struts2/jasper/compiler/ParserController.java,ParserController.java,635,348,228,59,91,22903,425
Java,/plugins/embeddedjsp/src/main/java/org/apache/struts2/jasper/xmlparser/ParserUtils.java,ParserUtils.java,239,132,72,35,18,8550,164
Plain Text,/core/src/test/resources/org/apache/struts2/views/jsp/ui/Password-1.txt,Password-1.txt,4,4,0,0,0,187,5
Java,/core/src/main/java/org/apache/struts2/components/Password.java,Password.java,83,31,40,12,2,2687,63
Java,/core/src/main/java/org/apache/struts2/views/velocity/components/PasswordDirective.java,PasswordDirective.java,43,14,23,6,0,1420,34
Java,/plugins/javatemplates/src/main/java/org/apache/struts2/views/java/simple/PasswordHandler.java,PasswordHandler.java,54,27,20,7,3,2168,46
Java,/core/src/main/java/org/apache/struts2/views/freemarker/tags/PasswordModel.java,PasswordModel.java,43,14,23,6,0,1403,34
Java,/core/src/main/java/org/apache/struts2/views/jsp/ui/PasswordTag.java,PasswordTag.java,59,23,23,13,0,1775,40
Java,/plugins/javatemplates/src/test/java/org/apache/struts2/views/java/simple/PasswordTest.java,PasswordTest.java,101,65,21,15,0,3259,59
Java,/core/src/test/java/org/apache/struts2/views/jsp/ui/PasswordTest.java,PasswordTest.java,57,25,22,10,0,1817,41
Java,/core/src/main/java/com/opensymphony/xwork2/util/PatternMatcher.java,PatternMatcher.java,57,7,44,6,0,1806,44
Java,/plugins/pell-multipart/src/main/java/org/apache/struts2/dispatcher/multipart/PellMultiPartRequest.java,PellMultiPartRequest.java,171,95,50,26,16,6537,123
Java,/plugins/embeddedjsp/src/main/java/org/apache/struts2/jasper/runtime/PerThreadTagHandlerPool.java,PerThreadTagHandlerPool.java,134,72,46,16,13,4142,98
XML,/apps/showcase/src/main/resources/org/apache/struts2/showcase/person/Person-validation.xml,Person-validation.xml,13,13,0,0,0,502,11
Java,/apps/showcase/src/main/java/org/apache/struts2/showcase/person/Person.java,Person.java,84,48,20,16,10,1908,54
Java,/plugins/oval/src/test/java/org/apache/struts2/oval/interceptor/domain/Person.java,Person.java,43,30,0,13,0,721,27
Java,/plugins/bean-validation/src/test/java/org/apache/struts/beanvalidation/models/Person.java,Person.java,67,33,20,14,0,1756,47
Java,/core/src/test/java/com/opensymphony/xwork2/test/annotations/Person.java,Person.java,22,17,0,5,0,398,16
Java,/apps/showcase/src/main/java/org/apache/struts2/showcase/conversion/Person.java,Person.java,44,18,20,6,0,1207,34
Plain Text,/apps/showcase/src/main/webapp/WEB-INF/conversion/Person.java.txt,Person.java.txt,34,30,0,4,0,1015,27
Properties File,/apps/showcase/src/main/resources/org/apache/struts2/showcase/conversion/PersonAction-conversion.properties,PersonAction-conversion.properties,1,1,0,0,0,62,2
Java,/core/src/test/java/com/opensymphony/xwork2/test/annotations/PersonAction.java,PersonAction.java,47,38,0,9,0,1493,33
Java,/apps/showcase/src/main/java/org/apache/struts2/showcase/conversion/PersonAction.java,PersonAction.java,47,18,20,9,0,1288,33
Plain Text,/apps/showcase/src/main/webapp/WEB-INF/conversion/PersonAction.java.txt,PersonAction.java.txt,43,34,0,9,0,1085,30
Java,/core/src/test/java/com/opensymphony/xwork2/test/annotations/PersonActionTest.java,PersonActionTest.java,87,67,0,20,3,3896,59
Java,/apps/showcase/src/main/java/org/apache/struts2/showcase/person/PersonManager.java,PersonManager.java,59,31,21,7,0,1762,47
Java,/core/src/test/java/com/opensymphony/xwork2/test/annotations/PersonTypeConverter.java,PersonTypeConverter.java,27,23,0,4,5,836,23
Java,/core/src/main/java/org/apache/struts2/result/PlainTextResult.java,PlainTextResult.java,183,86,74,23,13,5904,122
Java,/core/src/test/java/org/apache/struts2/result/PlainTextResultTest.java,PlainTextResultTest.java,156,107,24,25,1,5936,99
Java,/plugins/plexus/src/main/java/org/apache/struts2/plexus/PlexusFilter.java,PlexusFilter.java,119,70,35,14,8,4224,88
Java,/plugins/plexus/src/main/java/org/apache/struts2/plexus/PlexusLifecycleListener.java,PlexusLifecycleListener.java,117,65,38,14,0,4396,78
Java,/plugins/plexus/src/main/java/org/apache/struts2/plexus/PlexusObjectFactory.java,PlexusObjectFactory.java,311,191,87,33,16,11690,195
Java,/plugins/plexus/src/main/java/org/apache/struts2/plexus/PlexusThreadLocal.java,PlexusThreadLocal.java,45,11,29,5,0,1412,35
Java,/plugins/plexus/src/main/java/org/apache/struts2/plexus/PlexusUtils.java,PlexusUtils.java,57,21,30,6,3,2112,49
Java,/plugins/portlet/src/test/java/org/apache/struts2/components/PortletAction.java,PortletAction.java,11,7,0,4,0,180,8
Java,/plugins/portlet/src/main/java/org/apache/struts2/portlet/context/PortletActionContext.java,PortletActionContext.java,236,98,115,23,8,8438,137
Java,/plugins/portlet/src/test/java/org/apache/struts2/portlet/context/PortletActionContextTest.java,PortletActionContextTest.java,209,154,22,33,0,7719,133
Java,/plugins/portlet/src/main/java/org/apache/struts2/portlet/result/PortletActionRedirectResult.java,PortletActionRedirectResult.java,258,99,134,25,14,9326,182
Java,/plugins/portlet/src/main/java/org/apache/struts2/portlet/PortletApplicationMap.java,PortletApplicationMap.java,204,100,70,34,20,6916,113
Java,/plugins/portlet/src/test/java/org/apache/struts2/portlet/PortletApplicationMapTest.java,PortletApplicationMapTest.java,181,120,23,38,1,6466,117
Java,/plugins/portlet/src/main/java/org/apache/struts2/portlet/interceptor/PortletAwareInterceptor.java,PortletAwareInterceptor.java,83,46,28,9,8,3998,71
Java,/plugins/portlet/src/test/java/org/apache/struts2/portlet/interceptor/PortletAwareInterceptorTest.java,PortletAwareInterceptorTest.java,64,33,20,11,0,2311,53
Java,/plugins/portlet/src/main/java/org/apache/struts2/portlet/PortletConstants.java,PortletConstants.java,115,25,68,22,0,3834,57
Java,/plugins/portlet/src/main/java/org/apache/struts2/portlet/interceptor/PortletContextAware.java,PortletContextAware.java,29,5,20,4,0,1098,25
Java,/plugins/portlet/src/main/java/org/apache/struts2/views/freemarker/PortletFreemarkerResult.java,PortletFreemarkerResult.java,330,153,138,39,16,12974,230
Java,/plugins/portlet/src/main/java/org/apache/struts2/portlet/servlet/PortletHttpSession.java,PortletHttpSession.java,214,73,117,24,1,5354,106
Java,/plugins/portlet/src/main/java/org/apache/struts2/portlet/PortletPhase.java,PortletPhase.java,46,19,17,10,0,1070,28
Java,/plugins/portlet/src/main/java/org/apache/struts2/portlet/interceptor/PortletPreferencesAware.java,PortletPreferencesAware.java,39,5,30,4,0,1463,34
Java,/plugins/portlet/src/main/java/org/apache/struts2/portlet/interceptor/PortletPrincipalProxy.java,PortletPrincipalProxy.java,82,23,49,10,0,2320,55
Java,/plugins/portlet/src/main/java/org/apache/struts2/portlet/interceptor/PortletRequestAware.java,PortletRequestAware.java,29,5,20,4,0,1091,25
Java,/plugins/portlet/src/main/java/org/apache/struts2/portlet/PortletRequestMap.java,PortletRequestMap.java,151,69,59,23,11,4939,98
Java,/plugins/portlet/src/test/java/org/apache/struts2/portlet/PortletRequestMapTest.java,PortletRequestMapTest.java,109,65,24,20,7,3816,74
Java,/plugins/portlet/src/main/java/org/apache/struts2/portlet/interceptor/PortletResponseAware.java,PortletResponseAware.java,29,5,20,4,0,1097,25
Java,/plugins/portlet/src/main/java/org/apache/struts2/portlet/result/PortletResult.java,PortletResult.java,265,158,80,27,29,9838,183
Java,/plugins/portlet/src/main/java/org/apache/struts2/portlet/result/PortletResultHelper.java,PortletResultHelper.java,46,9,31,6,0,1706,33
Java,/plugins/portlet/src/main/java/org/apache/struts2/portlet/result/PortletResultHelperJSR168.java,PortletResultHelperJSR168.java,54,18,30,6,0,2336,40
Java,/plugins/portlet/src/main/java/org/apache/struts2/portlet/result/PortletResultHelperJSR286.java,PortletResultHelperJSR286.java,52,17,29,6,0,2204,38
Java,/plugins/portlet/src/test/java/org/apache/struts2/portlet/result/PortletResultTest.java,PortletResultTest.java,264,193,24,47,0,11699,137
Java,/plugins/portlet/src/main/java/org/apache/struts2/portlet/servlet/PortletServletConfig.java,PortletServletConfig.java,81,27,43,11,0,2631,58
Java,/plugins/portlet/src/main/java/org/apache/struts2/portlet/servlet/PortletServletContext.java,PortletServletContext.java,235,93,111,31,0,7311,124
Java,/plugins/portlet/src/main/java/org/apache/struts2/portlet/servlet/PortletServletInputStream.java,PortletServletInputStream.java,121,49,56,16,0,3296,70
Java,/plugins/portlet/src/main/java/org/apache/struts2/portlet/servlet/PortletServletOutputStream.java,PortletServletOutputStream.java,88,33,44,11,0,2628,58
Java,/plugins/portlet/src/main/java/org/apache/struts2/portlet/servlet/PortletServletRequest.java,PortletServletRequest.java,679,270,345,64,30,18333,252
Java,/plugins/portlet/src/main/java/org/apache/struts2/portlet/servlet/PortletServletRequestDispatcher.java,PortletServletRequestDispatcher.java,70,41,20,9,6,2708,58
Java,/plugins/portlet/src/main/java/org/apache/struts2/portlet/servlet/PortletServletResponse.java,PortletServletResponse.java,233,174,20,39,24,7489,90
Java,/plugins/portlet/src/main/java/org/apache/struts2/portlet/servlet/PortletServletResponseJSR286.java,PortletServletResponseJSR286.java,164,136,5,23,30,5150,59
Java,/plugins/portlet/src/main/java/org/apache/struts2/portlet/PortletSessionMap.java,PortletSessionMap.java,156,77,58,21,10,5255,99
Java,/plugins/portlet/src/test/java/org/apache/struts2/portlet/PortletSessionMapTest.java,PortletSessionMapTest.java,124,72,29,23,4,4602,80
Java,/plugins/portlet/src/main/java/org/apache/struts2/portlet/interceptor/PortletStateInterceptor.java,PortletStateInterceptor.java,97,66,20,11,12,3789,78
Java,/plugins/portlet/src/test/java/org/apache/struts2/portlet/interceptor/PortletStateInterceptorTest.java,PortletStateInterceptorTest.java,161,97,20,44,0,6471,86
Java,/plugins/portlet-tiles/src/main/java/org/apache/struts2/views/tiles/PortletTilesResult.java,PortletTilesResult.java,114,66,25,23,7,4265,79
Java,/plugins/portlet/src/main/java/org/apache/struts2/portlet/util/PortletUrlHelper.java,PortletUrlHelper.java,347,223,101,23,51,14545,251
Java,/plugins/portlet/src/main/java/org/apache/struts2/portlet/util/PortletUrlHelperJSR286.java,PortletUrlHelperJSR286.java,55,41,5,9,8,1841,43
Java,/plugins/portlet/src/test/java/org/apache/struts2/portlet/util/PortletUrlHelperTest.java,PortletUrlHelperTest.java,206,136,22,48,0,7403,121
Java,/plugins/portlet/src/main/java/org/apache/struts2/components/PortletUrlRenderer.java,PortletUrlRenderer.java,208,148,37,23,41,8823,148
Java,/plugins/portlet/src/test/java/org/apache/struts2/components/PortletUrlRendererTest.java,PortletUrlRendererTest.java,61,43,3,15,0,2309,47
Java,/plugins/portlet/src/test/java/org/apache/struts2/views/jsp/PortletUrlTagTest.java,PortletUrlTagTest.java,473,355,28,90,14,20367,270
Java,/plugins/portlet/src/main/java/org/apache/struts2/portlet/result/PortletVelocityResult.java,PortletVelocityResult.java,272,121,125,26,15,10930,197
Java,/apps/rest-showcase/src/test/java/it/org/apache/struts2/rest/example/PostOrderTest.java,PostOrderTest.java,121,105,2,14,0,4650,57
Java,/core/src/main/java/org/apache/struts2/result/PostbackResult.java,PostbackResult.java,240,117,98,25,18,8784,172
Java,/core/src/main/java/com/opensymphony/xwork2/interceptor/PreResultListener.java,PreResultListener.java,39,5,29,5,0,1444,32
Java,/core/src/test/java/com/opensymphony/xwork2/interceptor/PreResultListenerTest.java,PreResultListenerTest.java,117,74,24,19,0,4458,85
Java,/core/src/main/java/org/apache/struts2/dispatcher/mapper/PrefixBasedActionMapper.java,PrefixBasedActionMapper.java,128,91,26,11,30,6400,101
Java,/core/src/main/java/org/apache/struts2/factory/PrefixBasedActionProxyFactory.java,PrefixBasedActionProxyFactory.java,95,59,25,11,12,3883,71
Java,/core/src/main/java/com/opensymphony/xwork2/interceptor/PrefixMethodInvocationUtil.java,PrefixMethodInvocationUtil.java,178,40,124,14,7,6522,129
Java,/core/src/test/java/com/opensymphony/xwork2/interceptor/PrefixMethodInvocationUtilTest.java,PrefixMethodInvocationUtilTest.java,265,150,43,72,0,8653,115
Java,/core/src/main/java/org/apache/struts2/util/PrefixTrie.java,PrefixTrie.java,67,35,25,7,10,1996,50
Java,/core/src/test/java/org/apache/struts2/util/PrefixTrieTest.java,PrefixTrieTest.java,42,15,22,5,0,1322,35
Java,/core/src/main/java/com/opensymphony/xwork2/Preparable.java,Preparable.java,35,4,27,4,0,1178,30
Java,/core/src/main/java/com/opensymphony/xwork2/interceptor/PrepareInterceptor.java,PrepareInterceptor.java,177,48,115,14,8,6555,131
Java,/core/src/test/java/com/opensymphony/xwork2/interceptor/PrepareInterceptorTest.java,PrepareInterceptorTest.java,210,129,28,53,0,6998,107
Java,/core/src/main/java/org/apache/struts2/dispatcher/PrepareOperations.java,PrepareOperations.java,254,129,103,22,22,9624,161
Java,/core/src/main/java/org/apache/struts2/interceptor/debugging/PrettyPrintWriter.java,PrettyPrintWriter.java,199,161,20,18,2,5777,136
Java,/core/src/main/java/org/apache/struts2/interceptor/PrincipalAware.java,PrincipalAware.java,34,4,28,2,0,1259,28
Java,/core/src/main/java/org/apache/struts2/interceptor/PrincipalProxy.java,PrincipalProxy.java,63,9,45,9,0,1675,43
Java,/core/src/test/java/com/opensymphony/xwork2/config/providers/PrivateConstructorAction.java,PrivateConstructorAction.java,45,13,25,7,0,1188,33
Java,/plugins/oval/src/main/java/org/apache/struts2/oval/annotation/Profiles.java,Profiles.java,35,10,23,2,0,1238,30
Java,/core/src/main/java/org/apache/struts2/interceptor/ProfilingActivationInterceptor.java,ProfilingActivationInterceptor.java,107,35,64,8,2,3134,81
Java,/core/src/main/java/com/opensymphony/xwork2/util/profiling/ProfilingTimerBean.java,ProfilingTimerBean.java,107,49,38,20,2,3740,77
Java,/core/src/test/java/com/opensymphony/xwork2/util/profiling/ProfilingTimerBeanTest.java,ProfilingTimerBeanTest.java,124,64,39,21,0,3555,95
Java,/core/src/main/java/org/apache/struts2/config/PropertiesConfigurationProvider.java,PropertiesConfigurationProvider.java,62,28,24,10,1,2114,46
Java,/core/src/test/java/org/apache/struts2/config/PropertiesConfigurationProviderTest.java,PropertiesConfigurationProviderTest.java,91,42,27,22,0,3179,56
Java,/core/src/main/java/com/opensymphony/xwork2/util/PropertiesReader.java,PropertiesReader.java,550,333,173,44,48,18260,324
Java,/core/src/main/java/org/apache/struts2/config/PropertiesSettings.java,PropertiesSettings.java,102,39,46,17,2,3299,72
Java,/apps/showcase/src/main/java/org/apache/struts2/showcase/hangman/PropertiesVocabSource.java,PropertiesVocabSource.java,71,41,20,10,7,2141,51
Java,/core/src/main/java/org/apache/struts2/components/Property.java,Property.java,184,87,76,21,12,6100,126
Java,/core/src/main/java/org/apache/struts2/views/velocity/components/PropertyDirective.java,PropertyDirective.java,42,14,22,6,0,1393,33
Java,/core/src/main/java/org/apache/struts2/views/freemarker/tags/PropertyModel.java,PropertyModel.java,43,14,23,6,0,1393,34
Java,/core/src/main/java/org/apache/struts2/views/jsp/PropertyTag.java,PropertyTag.java,90,49,23,18,0,2657,62
Java,/core/src/test/java/org/apache/struts2/views/jsp/PropertyTagTest.java,PropertyTagTest.java,398,260,45,93,0,10952,113
Java,/core/src/test/java/org/apache/struts2/components/PropertyTest.java,PropertyTest.java,146,103,23,20,3,5183,84
Java,/plugins/embeddedjsp/src/main/java/org/apache/struts2/jasper/runtime/ProtectedFunctionMapper.java,ProtectedFunctionMapper.java,199,100,84,15,8,7477,112
Java,/core/src/main/java/org/apache/struts2/views/xslt/ProxyAttrAdapter.java,ProxyAttrAdapter.java,86,37,31,18,0,2368,56
Java,/core/src/main/java/org/apache/struts2/views/xslt/ProxyElementAdapter.java,ProxyElementAdapter.java,168,92,42,34,3,5392,97
Java,/core/src/test/java/com/opensymphony/xwork2/ProxyInvocationAction.java,ProxyInvocationAction.java,10,6,3,1,0,237,10
Java,/core/src/test/java/com/opensymphony/xwork2/ProxyInvocationInterface.java,ProxyInvocationInterface.java,8,4,3,1,0,149,8
Java,/core/src/test/java/com/opensymphony/xwork2/ProxyInvocationTest.java,ProxyInvocationTest.java,51,27,14,10,0,1763,40
Java,/core/src/main/java/org/apache/struts2/views/xslt/ProxyNamedNodeMap.java,ProxyNamedNodeMap.java,82,41,27,14,0,2632,53
Java,/core/src/main/java/org/apache/struts2/views/xslt/ProxyNodeAdapter.java,ProxyNodeAdapter.java,136,73,40,23,2,4099,93
Java,/core/src/test/java/com/opensymphony/xwork2/ProxyObjectFactory.java,ProxyObjectFactory.java,46,28,10,8,1,1369,35
Java,/core/src/main/java/org/apache/struts2/views/xslt/ProxyTextNodeAdapter.java,ProxyTextNodeAdapter.java,98,50,28,20,0,2991,55
Java,/core/src/main/java/org/apache/struts2/components/Push.java,Push.java,152,35,102,15,6,5132,105
Java,/core/src/main/java/org/apache/struts2/views/velocity/components/PushDirective.java,PushDirective.java,43,14,23,6,0,1390,34
Java,/core/src/main/java/org/apache/struts2/views/freemarker/tags/PushModel.java,PushModel.java,43,14,23,6,0,1373,34
Java,/core/src/main/java/org/apache/struts2/views/jsp/PushTag.java,PushTag.java,55,20,23,12,0,1605,39
Java,/core/src/test/java/org/apache/struts2/views/jsp/PushTagTest.java,PushTagTest.java,50,20,22,8,0,1447,39
XML,/apps/showcase/src/main/resources/org/apache/struts2/showcase/validation/QuizAction-validation.xml,QuizAction-validation.xml,23,15,6,2,0,899,20
Java,/apps/showcase/src/main/java/org/apache/struts2/showcase/validation/QuizAction.java,QuizAction.java,64,26,24,14,0,1461,43
Markdown,/README.md,README.md,41,24,0,17,0,5656,25
Plain Text,/core/src/main/resources/META-INF/README.txt,README.txt,3,3,0,0,0,178,3
Plain Text,/apps/rest-showcase/README.txt,README.txt,15,11,0,4,0,624,12
Plain Text,/apps/showcase/README.txt,README.txt,16,12,0,4,0,647,13
Java,/plugins/json/src/main/java/org/apache/struts2/json/rpc/RPCError.java,RPCError.java,109,65,23,21,3,2686,69
Java,/plugins/json/src/main/java/org/apache/struts2/json/rpc/RPCErrorCode.java,RPCErrorCode.java,47,22,20,5,0,1593,39
Java,/plugins/json/src/main/java/org/apache/struts2/json/rpc/RPCResponse.java,RPCResponse.java,63,31,23,9,0,1595,45
Plain Text,/core/src/test/resources/org/apache/struts2/views/jsp/ui/Radio-1.txt,Radio-1.txt,7,7,0,0,0,328,8
Plain Text,/core/src/test/resources/org/apache/struts2/views/jsp/ui/Radio-2.txt,Radio-2.txt,7,7,0,0,0,342,8
Plain Text,/core/src/test/resources/org/apache/struts2/views/jsp/ui/Radio-3.txt,Radio-3.txt,7,7,0,0,0,351,8
Plain Text,/core/src/test/resources/org/apache/struts2/views/jsp/ui/Radio-4.txt,Radio-4.txt,8,8,0,0,0,414,9
Plain Text,/core/src/test/resources/org/apache/struts2/views/jsp/ui/Radio-5.txt,Radio-5.txt,7,7,0,0,0,329,8
Plain Text,/core/src/test/resources/org/apache/struts2/views/jsp/ui/Radio-6.txt,Radio-6.txt,11,11,0,0,0,497,12
Plain Text,/core/src/test/resources/org/apache/struts2/views/jsp/ui/Radio-7.txt,Radio-7.txt,7,7,0,0,0,384,8
Java,/core/src/main/java/org/apache/struts2/components/Radio.java,Radio.java,75,22,46,7,0,2855,63
Java,/core/src/main/java/org/apache/struts2/views/velocity/components/RadioDirective.java,RadioDirective.java,43,14,23,6,0,1405,34
Java,/plugins/javatemplates/src/main/java/org/apache/struts2/views/java/simple/RadioHandler.java,RadioHandler.java,132,73,38,21,14,4695,103
Java,/core/src/main/java/org/apache/struts2/views/freemarker/tags/RadioModel.java,RadioModel.java,43,14,23,6,0,1388,34
Java,/core/src/main/java/org/apache/struts2/views/jsp/ui/RadioTag.java,RadioTag.java,43,12,23,8,0,1399,33
Java,/core/src/test/java/org/apache/struts2/views/jsp/ui/RadioTest.java,RadioTest.java,214,153,22,39,0,6396,101
Java,/core/src/main/java/com/opensymphony/xwork2/validator/validators/RangeValidatorSupport.java,RangeValidatorSupport.java,102,63,22,17,18,3295,69
Java,/plugins/embeddedjsp/src/main/java/org/apache/struts2/jasper/tagplugins/jstl/core/Redirect.java,Redirect.java,83,42,25,16,1,3630,68
Java,/core/src/main/java/org/apache/struts2/result/Redirectable.java,Redirectable.java,8,3,3,2,0,146,7
Java,/core/src/main/java/com/opensymphony/xwork2/inject/util/ReferenceCache.java,ReferenceCache.java,197,100,75,22,15,6553,141
Java,/core/src/main/java/com/opensymphony/xwork2/inject/util/ReferenceMap.java,ReferenceMap.java,609,383,124,102,46,18649,313
Java,/core/src/main/java/com/opensymphony/xwork2/config/ReferenceResolverException.java,ReferenceResolverException.java,43,16,20,7,0,1188,31
Java,/core/src/main/java/com/opensymphony/xwork2/inject/util/ReferenceType.java,ReferenceType.java,55,7,42,6,0,1455,37
Java,/core/src/main/java/com/opensymphony/xwork2/util/reflection/ReflectionContextFactory.java,ReflectionContextFactory.java,15,5,8,2,0,449,14
Java,/core/src/main/java/com/opensymphony/xwork2/util/reflection/ReflectionContextState.java,ReflectionContextState.java,177,105,41,31,7,6462,119
Java,/core/src/main/java/com/opensymphony/xwork2/util/reflection/ReflectionException.java,ReflectionException.java,41,24,7,10,0,1084,20
Java,/core/src/main/java/com/opensymphony/xwork2/util/reflection/ReflectionExceptionHandler.java,ReflectionExceptionHandler.java,14,4,8,2,0,323,13
Java,/core/src/main/java/com/opensymphony/xwork2/util/reflection/ReflectionProvider.java,ReflectionProvider.java,154,24,113,17,0,6966,93
Java,/core/src/main/java/com/opensymphony/xwork2/util/reflection/ReflectionProviderFactory.java,ReflectionProviderFactory.java,10,7,0,3,0,296,8
Java,/plugins/convention/src/main/java/org/apache/struts2/convention/ReflectionTools.java,ReflectionTools.java,83,31,47,5,2,2783,65
Java,/plugins/convention/src/test/java/org/apache/struts2/convention/ReflectionToolsTest.java,ReflectionToolsTest.java,35,8,25,2,0,1223,31
Java,/plugins/embeddedjsp/src/main/java/org/apache/struts2/el/util/ReflectionUtil.java,ReflectionUtil.java,181,115,48,18,25,6338,128
Java,/core/src/main/java/com/opensymphony/xwork2/validator/annotations/RegexFieldValidator.java,RegexFieldValidator.java,182,21,145,16,0,5691,103
Java,/core/src/main/java/com/opensymphony/xwork2/validator/validators/RegexFieldValidator.java,RegexFieldValidator.java,219,85,111,23,17,7869,144
Java,/core/src/test/java/com/opensymphony/xwork2/validator/RegexFieldValidatorTest.java,RegexFieldValidatorTest.java,199,135,28,36,1,7961,85
Java,/core/src/main/java/org/apache/struts2/util/RegexPatternMatcher.java,RegexPatternMatcher.java,117,52,49,16,10,4258,90
Java,/core/src/main/java/org/apache/struts2/util/RegexPatternMatcherExpression.java,RegexPatternMatcherExpression.java,49,17,26,6,0,1587,40
Java,/core/src/test/java/org/apache/struts2/util/RegexPatternMatcherTest.java,RegexPatternMatcherTest.java,201,124,36,41,0,6789,105
Java,/core/src/main/java/com/opensymphony/xwork2/util/classloader/ReloadingClassLoader.java,ReloadingClassLoader.java,181,124,33,24,16,6336,127
Java,/plugins/embeddedjsp/src/main/java/org/apache/struts2/jasper/tagplugins/jstl/core/Remove.java,Remove.java,45,16,20,9,1,1761,38
Java,/plugins/sitegraph/src/main/java/org/apache/struts2/sitegraph/model/Render.java,Render.java,30,5,22,3,0,993,25
Java,/core/src/main/java/com/opensymphony/xwork2/validator/validators/RepopulateConversionErrorFieldValidatorSupport.java,RepopulateConversionErrorFieldValidatorSupport.java,199,65,118,16,9,6863,141
Java,/core/src/test/java/com/opensymphony/xwork2/validator/RepopulateConversionErrorFieldValidatorSupportTest.java,RepopulateConversionErrorFieldValidatorSupportTest.java,129,76,22,31,0,4318,86
Java,/core/src/main/java/org/apache/struts2/interceptor/RequestAware.java,RequestAware.java,43,5,34,4,0,1365,34
Java,/core/src/main/java/org/apache/struts2/dispatcher/RequestMap.java,RequestMap.java,151,71,55,25,12,4776,97
Java,/core/src/main/java/org/apache/struts2/RequestUtils.java,RequestUtils.java,133,66,47,20,14,4754,96
Java,/core/src/test/java/org/apache/struts2/RequestUtilsTest.java,RequestUtilsTest.java,108,68,24,16,0,4336,61
Java,/core/src/main/java/com/opensymphony/xwork2/validator/annotations/RequiredFieldValidator.java,RequiredFieldValidator.java,134,15,109,10,0,4217,84
Java,/core/src/main/java/com/opensymphony/xwork2/validator/validators/RequiredFieldValidator.java,RequiredFieldValidator.java,68,11,52,5,2,2181,53
Java,/core/src/main/java/com/opensymphony/xwork2/validator/annotations/RequiredStringValidator.java,RequiredStringValidator.java,148,16,121,11,0,4737,92
Java,/core/src/main/java/com/opensymphony/xwork2/validator/validators/RequiredStringValidator.java,RequiredStringValidator.java,106,29,65,12,5,3895,79
Java,/core/src/test/java/com/opensymphony/xwork2/validator/validators/RequiredStringValidatorTest.java,RequiredStringValidatorTest.java,79,50,9,20,2,2628,39
Plain Text,/core/src/test/resources/org/apache/struts2/views/jsp/ui/Reset-1.txt,Reset-1.txt,3,3,0,0,0,114,4
Plain Text,/core/src/test/resources/org/apache/struts2/views/jsp/ui/Reset-2.txt,Reset-2.txt,3,3,0,0,0,132,4
Plain Text,/core/src/test/resources/org/apache/struts2/views/jsp/ui/Reset-3.txt,Reset-3.txt,3,3,0,0,0,126,4
Plain Text,/core/src/test/resources/org/apache/struts2/views/jsp/ui/Reset-4.txt,Reset-4.txt,3,3,0,0,0,130,4
Plain Text,/core/src/test/resources/org/apache/struts2/views/jsp/ui/Reset-5.txt,Reset-5.txt,3,3,0,0,0,145,3
Plain Text,/core/src/test/resources/org/apache/struts2/views/jsp/ui/Reset-6.txt,Reset-6.txt,3,3,0,0,0,157,3
Plain Text,/core/src/test/resources/org/apache/struts2/views/jsp/ui/Reset-7.txt,Reset-7.txt,1,1,0,0,0,80,1
Plain Text,/core/src/test/resources/org/apache/struts2/views/jsp/ui/Reset-8.txt,Reset-8.txt,1,1,0,0,0,73,1
Plain Text,/core/src/test/resources/org/apache/struts2/views/jsp/ui/Reset-9.txt,Reset-9.txt,1,1,0,0,0,72,1
Java,/core/src/main/java/org/apache/struts2/components/Reset.java,Reset.java,114,47,53,14,5,3729,85
Java,/core/src/main/java/org/apache/struts2/views/velocity/components/ResetDirective.java,ResetDirective.java,43,14,23,6,0,1435,34
Java,/plugins/javatemplates/src/main/java/org/apache/struts2/views/java/simple/ResetHandler.java,ResetHandler.java,59,29,20,10,3,2101,48
Java,/core/src/main/java/org/apache/struts2/views/freemarker/tags/ResetModel.java,ResetModel.java,43,14,23,6,0,1418,34
Java,/core/src/main/java/org/apache/struts2/views/jsp/ui/ResetTag.java,ResetTag.java,73,36,23,14,0,2072,52
Java,/plugins/javatemplates/src/test/java/org/apache/struts2/views/java/simple/ResetTest.java,ResetTest.java,85,52,20,13,0,2712,52
Java,/core/src/test/java/org/apache/struts2/views/jsp/ui/ResetTest.java,ResetTest.java,239,160,32,47,0,7460,89
Java,/core/src/main/java/com/opensymphony/xwork2/util/ResolverUtil.java,ResolverUtil.java,485,237,188,60,52,18394,270
Java,/core/src/test/java/com/opensymphony/xwork2/util/ResolverUtilTest.java,ResolverUtilTest.java,61,34,15,12,0,2323,41
Java,/core/src/main/java/com/opensymphony/xwork2/ResourceBundleTextProvider.java,ResourceBundleTextProvider.java,48,7,35,6,0,1367,34
Java,/core/src/main/java/com/opensymphony/xwork2/util/finder/ResourceFinder.java,ResourceFinder.java,1277,581,598,98,112,45658,488
Java,/core/src/main/java/com/opensymphony/xwork2/util/classloader/ResourceStore.java,ResourceStore.java,27,5,18,4,0,879,21
Java,/core/src/main/java/com/opensymphony/xwork2/util/classloader/ResourceStoreClassLoader.java,ResourceStoreClassLoader.java,96,58,24,14,19,3052,66
Java,/core/src/main/java/org/apache/struts2/views/util/ResourceUtil.java,ResourceUtil.java,36,12,20,4,3,1243,31
Java,/core/src/test/java/org/apache/struts2/views/util/ResourceUtilTest.java,ResourceUtilTest.java,59,23,24,12,0,1913,41
Java,/plugins/rest/src/main/java/org/apache/struts2/rest/RestActionInvocation.java,RestActionInvocation.java,377,237,76,64,73,13573,259
Java,/plugins/rest/src/test/java/org/apache/struts2/rest/RestActionInvocationTest.java,RestActionInvocationTest.java,279,196,31,52,0,9190,175
Java,/plugins/rest/src/main/java/org/apache/struts2/rest/RestActionMapper.java,RestActionMapper.java,399,228,111,60,71,16374,285
Java,/plugins/rest/src/test/java/org/apache/struts2/rest/RestActionMapperTest.java,RestActionMapperTest.java,387,283,24,80,0,15398,160
Java,/plugins/rest/src/main/java/org/apache/struts2/rest/RestActionProxyFactory.java,RestActionProxyFactory.java,59,26,23,10,4,2182,46
Java,/plugins/rest/src/main/java/org/apache/struts2/rest/RestActionSupport.java,RestActionSupport.java,118,55,46,17,10,3792,89
Java,/plugins/rest/src/main/java/org/apache/struts2/rest/RestWorkflowInterceptor.java,RestWorkflowInterceptor.java,231,77,127,27,5,9149,163
Java,/plugins/rest/src/test/java/org/apache/struts2/rest/RestWorkflowInterceptorTest.java,RestWorkflowInterceptorTest.java,65,38,20,7,1,2903,57
Java,/core/src/main/java/org/apache/struts2/dispatcher/mapper/Restful2ActionMapper.java,Restful2ActionMapper.java,195,124,38,33,48,7388,144
Java,/core/src/test/java/org/apache/struts2/dispatcher/mapper/Restful2ActionMapperTest.java,Restful2ActionMapperTest.java,233,170,20,43,0,9490,104
Java,/core/src/main/java/org/apache/struts2/dispatcher/mapper/RestfulActionMapper.java,RestfulActionMapper.java,108,61,32,15,12,3917,85
Java,/core/src/test/java/org/apache/struts2/dispatcher/mapper/RestfulActionMapperTest.java,RestfulActionMapperTest.java,119,72,24,23,0,4053,65
Java,/plugins/convention/src/main/java/org/apache/struts2/convention/annotation/Result.java,Result.java,95,13,77,5,0,3678,71
Java,/core/src/main/java/com/opensymphony/xwork2/Result.java,Result.java,48,5,38,5,0,1560,39
Java,/core/src/main/java/com/opensymphony/xwork2/config/entities/ResultConfig.java,ResultConfig.java,161,102,29,30,15,4568,98
Java,/core/src/main/java/com/opensymphony/xwork2/factory/ResultFactory.java,ResultFactory.java,15,7,3,5,0,418,11
Java,/plugins/convention/src/main/java/org/apache/struts2/convention/ResultMapBuilder.java,ResultMapBuilder.java,50,9,37,4,0,1927,44
Java,/plugins/convention/src/main/java/org/apache/struts2/convention/annotation/ResultPath.java,ResultPath.java,75,11,61,3,0,2749,58
Java,/core/src/main/java/com/opensymphony/xwork2/config/entities/ResultTypeConfig.java,ResultTypeConfig.java,156,98,31,27,18,4816,102
Java,/plugins/convention/src/main/java/org/apache/struts2/convention/annotation/Results.java,Results.java,40,10,28,2,0,1326,36
Java,/core/src/main/java/com/opensymphony/xwork2/util/fs/Revision.java,Revision.java,21,12,3,6,0,392,14
Java,/core/src/main/java/org/apache/struts2/interceptor/RolesInterceptor.java,RolesInterceptor.java,205,80,106,19,12,7225,148
Java,/core/src/test/java/org/apache/struts2/interceptor/RolesInterceptorTest.java,RolesInterceptorTest.java,171,120,23,28,1,6049,103
Java,/apps/showcase/src/main/java/org/apache/struts2/showcase/chat/Room.java,Room.java,100,55,24,21,6,2474,66
Java,/apps/showcase/src/main/java/org/apache/struts2/showcase/chat/RoomsAvailableAction.java,RoomsAvailableAction.java,48,19,20,9,0,1449,36
Java,/core/src/main/java/com/opensymphony/xwork2/config/RuntimeConfiguration.java,RuntimeConfiguration.java,53,8,39,6,0,2032,42
Java,/plugins/convention/src/main/java/org/apache/struts2/convention/SEOActionNameBuilder.java,SEOActionNameBuilder.java,96,50,34,12,9,3488,78
Java,/plugins/convention/src/test/java/org/apache/struts2/convention/SEOActionNameBuilderTest.java,SEOActionNameBuilderTest.java,56,26,26,4,0,2054,46
Plain Text,/plugins/sitemesh/src/main/resources/SITEMESH-LICENSE.txt,SITEMESH-LICENSE.txt,51,50,0,1,0,2573,43
Java,/plugins/json/src/main/java/org/apache/struts2/json/smd/SMD.java,SMD.java,78,42,23,13,0,2149,53
Java,/plugins/json/src/main/java/org/apache/struts2/json/annotations/SMD.java,SMD.java,36,12,20,4,0,1306,31
Java,/plugins/json/src/test/java/org/apache/struts2/json/SMDActionTest1.java,SMDActionTest1.java,197,139,20,38,0,4978,105
Java,/plugins/json/src/test/java/org/apache/struts2/json/SMDActionTest2.java,SMDActionTest2.java,58,32,20,6,0,1834,47
Java,/plugins/json/src/main/java/org/apache/struts2/json/smd/SMDGenerator.java,SMDGenerator.java,131,95,10,26,18,5285,91
Java,/plugins/json/src/main/java/org/apache/struts2/json/annotations/SMDMethod.java,SMDMethod.java,32,10,20,2,0,1152,29
Java,/plugins/json/src/main/java/org/apache/struts2/json/smd/SMDMethod.java,SMDMethod.java,75,45,20,10,19,2309,56
Java,/plugins/json/src/test/java/org/apache/struts2/json/SMDMethodInterfaceTest.java,SMDMethodInterfaceTest.java,195,120,39,36,0,5780,125
Java,/plugins/json/src/main/java/org/apache/struts2/json/annotations/SMDMethodParameter.java,SMDMethodParameter.java,32,10,20,2,0,1153,29
Java,/plugins/json/src/main/java/org/apache/struts2/json/smd/SMDMethodParameter.java,SMDMethodParameter.java,57,31,20,6,16,1807,42
Java,/core/src/main/java/com/opensymphony/xwork2/inject/Scope.java,Scope.java,252,129,101,22,4,8341,120
Java,/core/src/main/java/org/apache/struts2/interceptor/ScopeInterceptor.java,ScopeInterceptor.java,440,219,173,48,60,14957,262
Java,/core/src/main/java/com/opensymphony/xwork2/inject/Scoped.java,Scoped.java,37,10,23,4,0,1014,29
Java,/core/src/main/java/com/opensymphony/xwork2/interceptor/ScopedModelDriven.java,ScopedModelDriven.java,40,7,28,5,0,1189,30
Java,/core/src/main/java/com/opensymphony/xwork2/interceptor/ScopedModelDrivenInterceptor.java,ScopedModelDrivenInterceptor.java,162,72,76,14,10,5637,122
Java,/core/src/test/java/com/opensymphony/xwork2/interceptor/ScopedModelDrivenInterceptorTest.java,ScopedModelDrivenInterceptorTest.java,234,165,19,50,3,7703,104
Java,/core/src/main/java/org/apache/struts2/views/freemarker/ScopesHashModel.java,ScopesHashModel.java,168,90,49,29,25,5133,109
Java,/plugins/javatemplates/src/main/java/org/apache/struts2/views/java/simple/ScriptingEventsHandler.java,ScriptingEventsHandler.java,57,25,26,6,0,2267,49
Java,/plugins/embeddedjsp/src/main/java/org/apache/struts2/jasper/compiler/ScriptingVariabler.java,ScriptingVariabler.java,148,96,32,20,31,4418,107
Java,/plugins/embeddedjsp/src/main/java/org/apache/struts2/jasper/security/SecurityClassLoad.java,SecurityClassLoad.java,111,73,23,15,2,4419,67
Java,/core/src/main/java/com/opensymphony/xwork2/ognl/SecurityMemberAccess.java,SecurityMemberAccess.java,210,152,23,35,45,7404,123
Java,/core/src/test/java/org/apache/struts2/util/SecurityMemberAccessInServletsTest.java,SecurityMemberAccessInServletsTest.java,81,38,26,17,0,2694,52
Java,/core/src/test/java/com/opensymphony/xwork2/ognl/SecurityMemberAccessTest.java,SecurityMemberAccessTest.java,478,274,75,129,0,15096,151
Java,/plugins/embeddedjsp/src/main/java/org/apache/struts2/jasper/security/SecurityUtil.java,SecurityUtil.java,82,40,33,9,7,2688,64
Plain Text,/core/src/test/resources/org/apache/struts2/views/jsp/ui/Select-1.txt,Select-1.txt,9,9,0,0,0,336,10
Plain Text,/core/src/test/resources/org/apache/struts2/views/jsp/ui/Select-10.txt,Select-10.txt,9,9,0,0,0,593,10
Plain Text,/core/src/test/resources/org/apache/struts2/views/jsp/ui/Select-11.txt,Select-11.txt,9,9,0,0,0,341,10
Plain Text,/core/src/test/resources/org/apache/struts2/views/jsp/ui/Select-12.txt,Select-12.txt,10,10,0,0,0,621,11
Plain Text,/core/src/test/resources/org/apache/struts2/views/jsp/ui/Select-13.txt,Select-13.txt,7,7,0,0,0,273,8
Plain Text,/core/src/test/resources/org/apache/struts2/views/jsp/ui/Select-2.txt,Select-2.txt,10,10,0,0,0,620,11
Plain Text,/core/src/test/resources/org/apache/struts2/views/jsp/ui/Select-3.txt,Select-3.txt,10,10,0,0,0,638,11
Plain Text,/core/src/test/resources/org/apache/struts2/views/jsp/ui/Select-4.txt,Select-4.txt,5,5,0,0,0,180,6
Plain Text,/core/src/test/resources/org/apache/struts2/views/jsp/ui/Select-5.txt,Select-5.txt,10,10,0,0,0,370,11
Plain Text,/core/src/test/resources/org/apache/struts2/views/jsp/ui/Select-6.txt,Select-6.txt,8,8,0,0,0,265,9
Plain Text,/core/src/test/resources/org/apache/struts2/views/jsp/ui/Select-7.txt,Select-7.txt,9,9,0,0,0,356,9
Plain Text,/core/src/test/resources/org/apache/struts2/views/jsp/ui/Select-8.txt,Select-8.txt,10,10,0,0,0,299,10
Plain Text,/core/src/test/resources/org/apache/struts2/views/jsp/ui/Select-9.txt,Select-9.txt,9,9,0,0,0,328,10
Java,/core/src/main/java/org/apache/struts2/components/Select.java,Select.java,150,63,69,18,10,5183,108
Java,/core/src/main/java/org/apache/struts2/views/velocity/components/SelectDirective.java,SelectDirective.java,43,14,23,6,0,1410,34
Java,/plugins/javatemplates/src/main/java/org/apache/struts2/views/java/simple/SelectHandler.java,SelectHandler.java,150,102,27,21,23,6069,114
Java,/core/src/main/java/org/apache/struts2/views/freemarker/tags/SelectModel.java,SelectModel.java,43,14,23,6,0,1393,34
Java,/core/src/main/java/org/apache/struts2/views/jsp/ui/SelectTag.java,SelectTag.java,81,41,23,17,0,2334,56
Java,/plugins/javatemplates/src/test/java/org/apache/struts2/views/java/simple/SelectTest.java,SelectTest.java,144,104,20,20,0,4744,88
Java,/core/src/test/java/org/apache/struts2/views/jsp/ui/SelectTest.java,SelectTest.java,558,402,44,112,0,16161,203
Java,/apps/showcase/src/main/java/org/apache/struts2/showcase/chat/SendMessageToRoomAction.java,SendMessageToRoomAction.java,75,38,20,17,0,1948,51
Java,/plugins/json/src/main/java/org/apache/struts2/json/SerializationParams.java,SerializationParams.java,120,81,20,19,0,3641,86
Java,/plugins/osgi/src/main/java/org/apache/struts2/osgi/interceptor/ServiceAware.java,ServiceAware.java,34,5,25,4,0,1177,29
Java,/core/src/main/java/org/apache/struts2/ServletActionContext.java,ServletActionContext.java,148,53,77,18,3,4613,90
Java,/core/src/test/java/org/apache/struts2/ServletActionContextTest.java,ServletActionContextTest.java,75,37,25,13,0,2611,57
Java,/core/src/main/java/org/apache/struts2/result/ServletActionRedirectResult.java,ServletActionRedirectResult.java,225,71,133,21,6,7767,160
Java,/core/src/test/java/org/apache/struts2/result/ServletActionRedirectResultTest.java,ServletActionRedirectResultTest.java,189,134,23,32,0,8061,105
Java,/plugins/embeddedjsp/src/main/java/org/apache/struts2/ServletCache.java,ServletCache.java,76,44,24,8,8,2715,64
Java,/core/src/main/java/org/apache/struts2/interceptor/ServletConfigInterceptor.java,ServletConfigInterceptor.java,173,52,104,17,11,5829,117
Java,/core/src/test/java/org/apache/struts2/interceptor/ServletConfigInterceptorTest.java,ServletConfigInterceptorTest.java,246,158,25,63,0,8113,122
Java,/core/src/main/java/org/apache/struts2/util/ServletContextAware.java,ServletContextAware.java,33,5,23,5,0,1066,26
Java,/core/src/main/java/com/opensymphony/xwork2/config/ServletContextAwareConfigurationProvider.java,ServletContextAwareConfigurationProvider.java,32,5,23,4,0,1133,26
Java,/core/src/test/java/org/apache/struts2/dispatcher/ServletDispatchedTestAssertInterceptor.java,ServletDispatchedTestAssertInterceptor.java,59,22,22,15,0,1689,39
Java,/core/src/main/java/org/apache/struts2/result/ServletDispatcherResult.java,ServletDispatcherResult.java,182,67,94,21,15,6938,130
Java,/core/src/test/java/org/apache/struts2/result/ServletDispatcherResultTest.java,ServletDispatcherResultTest.java,155,103,23,29,0,6393,77
Java,/core/src/main/java/org/apache/struts2/dispatcher/servlet/ServletHostConfig.java,ServletHostConfig.java,51,21,23,7,0,1695,39
Java,/plugins/portlet/src/main/java/org/apache/struts2/portlet/interceptor/ServletPortletPreferences.java,ServletPortletPreferences.java,95,55,24,16,6,2873,65
Java,/core/src/main/java/org/apache/struts2/interceptor/servlet/ServletPrincipalProxy.java,ServletPrincipalProxy.java,81,22,49,10,0,2148,53
Java,/core/src/main/java/org/apache/struts2/result/ServletRedirectResult.java,ServletRedirectResult.java,326,168,122,36,31,11567,225
Java,/core/src/test/java/org/apache/struts2/result/ServletRedirectResultTest.java,ServletRedirectResultTest.java,361,278,22,61,0,14756,195
Java,/core/src/main/java/org/apache/struts2/interceptor/ServletRequestAware.java,ServletRequestAware.java,49,5,39,5,0,1560,36
Java,/core/src/main/java/org/apache/struts2/interceptor/ServletResponseAware.java,ServletResponseAware.java,47,5,37,5,0,1563,36
Java,/plugins/embeddedjsp/src/main/java/org/apache/struts2/jasper/runtime/ServletResponseWrapperInclude.java,ServletResponseWrapperInclude.java,76,30,35,11,0,2354,56
Java,/core/src/main/java/org/apache/struts2/views/xslt/ServletURIResolver.java,ServletURIResolver.java,73,33,27,13,3,2492,56
Java,/core/src/main/java/org/apache/struts2/components/ServletUrlRenderer.java,ServletUrlRenderer.java,351,217,85,49,89,16240,244
Java,/plugins/embeddedjsp/src/main/java/org/apache/struts2/jasper/compiler/ServletWriter.java,ServletWriter.java,202,80,94,28,15,4933,108
Java,/core/src/main/java/org/apache/struts2/interceptor/SessionAware.java,SessionAware.java,47,5,37,5,0,1485,36
Java,/plugins/junit/src/test/java/org/apache/struts2/session/SessionGetAction.java,SessionGetAction.java,35,8,24,3,0,1215,30
Java,/core/src/main/java/org/apache/struts2/dispatcher/SessionMap.java,SessionMap.java,223,118,71,34,27,7182,122
Java,/core/src/test/java/org/apache/struts2/dispatcher/SessionMapTest.java,SessionMapTest.java,247,175,27,45,0,9521,129
Java,/plugins/junit/src/test/java/org/apache/struts2/session/SessionSetAction.java,SessionSetAction.java,39,12,23,4,0,1386,33
Java,/plugins/embeddedjsp/src/main/java/org/apache/struts2/jasper/tagplugins/jstl/core/Set.java,Set.java,167,102,38,27,5,8681,129
Java,/core/src/main/java/org/apache/struts2/components/Set.java,Set.java,146,57,74,15,15,5372,105
Java,/core/src/main/java/org/apache/struts2/views/velocity/components/SetDirective.java,SetDirective.java,43,14,23,6,0,1385,34
Java,/core/src/main/java/org/apache/struts2/views/freemarker/tags/SetModel.java,SetModel.java,43,14,23,6,0,1368,34
Java,/core/src/test/java/com/opensymphony/xwork2/ognl/SetPropertiesTest.java,SetPropertiesTest.java,334,245,31,58,15,12389,185
Java,/core/src/main/java/org/apache/struts2/views/jsp/SetTag.java,SetTag.java,66,29,23,14,0,1816,46
Java,/core/src/test/java/org/apache/struts2/views/jsp/SetTagTest.java,SetTagTest.java,124,78,22,24,0,3239,67
Java,/core/src/main/java/org/apache/struts2/config/Settings.java,Settings.java,56,8,40,8,0,1657,40
Java,/core/src/test/java/org/apache/struts2/config/SettingsTest.java,SettingsTest.java,79,39,24,16,1,2736,56
Java,/bundles/admin/src/main/java/org/apache/struts2/osgi/admin/actions/ShellAction.java,ShellAction.java,91,53,25,13,4,3232,72
Java,/core/src/main/java/com/opensymphony/xwork2/validator/ShortCircuitableValidator.java,ShortCircuitableValidator.java,44,5,35,4,0,1506,34
Java,/core/src/main/java/com/opensymphony/xwork2/validator/validators/ShortRangeFieldValidator.java,ShortRangeFieldValidator.java,82,6,73,3,0,3625,65
Java,/core/src/main/java/com/opensymphony/xwork2/validator/annotations/ShortRangeFieldValidator.java,ShortRangeFieldValidator.java,192,19,160,13,0,6255,108
Java,/core/src/test/java/com/opensymphony/xwork2/validator/validators/ShortRangeFieldValidatorTest.java,ShortRangeFieldValidatorTest.java,76,50,9,17,3,2872,43
Java,/core/src/test/java/com/opensymphony/xwork2/validator/ShortRangeValidatorTest.java,ShortRangeValidatorTest.java,64,39,15,10,0,2478,52
Java,/core/src/test/java/com/opensymphony/xwork2/interceptor/annotations/ShortcircuitedAction.java,ShortcircuitedAction.java,35,13,19,3,0,1063,30
Java,/apps/showcase/src/main/java/org/apache/struts2/showcase/ShowAjaxDynamicTreeAction.java,ShowAjaxDynamicTreeAction.java,40,15,20,5,0,1232,32
Java,/plugins/config-browser/src/main/java/org/apache/struts2/config_browser/ShowBeansAction.java,ShowBeansAction.java,141,100,25,16,9,5822,108
Java,/plugins/config-browser/src/main/java/org/apache/struts2/config_browser/ShowConfigAction.java,ShowConfigAction.java,123,77,24,22,1,3805,87
Java,/plugins/config-browser/src/main/java/org/apache/struts2/config_browser/ShowConstantsAction.java,ShowConstantsAction.java,49,19,23,7,1,1562,39
Java,/apps/showcase/src/main/java/org/apache/struts2/showcase/ShowDynamicTreeAction.java,ShowDynamicTreeAction.java,36,8,22,6,0,1181,29
Java,/plugins/config-browser/src/main/java/org/apache/struts2/config_browser/ShowJarsAction.java,ShowJarsAction.java,64,31,25,8,1,2166,51
Java,/plugins/config-browser/src/main/java/org/apache/struts2/config_browser/ShowValidatorAction.java,ShowValidatorAction.java,194,139,24,31,20,6329,135
XML,/core/src/test/resources/com/opensymphony/xwork2/SimpleAction-some-alias-validation.xml,SimpleAction-some-alias-validation.xml,13,13,0,0,0,517,13
XML,/core/src/test/resources/com/opensymphony/xwork2/SimpleAction-subproperty-validation.xml,SimpleAction-subproperty-validation.xml,18,18,0,0,0,714,15
XML,/core/src/test/resources/com/opensymphony/xwork2/SimpleAction-validation.xml,SimpleAction-validation.xml,58,58,0,0,0,2364,37
XML,/core/src/test/resources/com/opensymphony/xwork2/SimpleAction-validationAlias-validation.xml,SimpleAction-validationAlias-validation.xml,13,13,0,0,0,517,13
Java,/core/src/test/java/com/opensymphony/xwork2/SimpleAction.java,SimpleAction.java,274,184,21,69,5,6092,159
Properties File,/core/src/test/resources/com/opensymphony/xwork2/SimpleAction.properties,SimpleAction.properties,3,3,0,0,0,102,4
XML,/core/src/test/resources/com/opensymphony/xwork2/test/SimpleAction2-validation.xml,SimpleAction2-validation.xml,13,13,0,0,0,571,13
XML,/core/src/test/resources/com/opensymphony/xwork2/test/SimpleAction2-validationAlias-validation.xml,SimpleAction2-validationAlias-validation.xml,13,13,0,0,0,517,13
Java,/core/src/test/java/com/opensymphony/xwork2/test/SimpleAction2.java,SimpleAction2.java,39,11,21,7,0,1019,29
Java,/core/src/test/java/com/opensymphony/xwork2/test/SimpleAction3.java,SimpleAction3.java,48,19,20,9,0,1212,34
Java,/core/src/test/java/com/opensymphony/xwork2/validator/SimpleActionValidationTest.java,SimpleActionValidationTest.java,235,162,24,49,0,9300,119
Properties File,/core/src/test/resources/com/opensymphony/xwork2/SimpleAction_de.properties,SimpleAction_de.properties,1,1,0,0,0,31,2
Properties File,/core/src/test/resources/com/opensymphony/xwork2/SimpleAction_en.properties,SimpleAction_en.properties,0,0,0,0,0,0,0
Java,/core/src/main/java/org/apache/struts2/views/xslt/SimpleAdapterDocument.java,SimpleAdapterDocument.java,258,169,36,53,3,6926,127
Java,/core/src/test/java/com/opensymphony/xwork2/SimpleAnnotationAction.java,SimpleAnnotationAction.java,231,156,25,50,3,7375,148
Properties File,/core/src/test/resources/com/opensymphony/xwork2/SimpleAnnotationAction.properties,SimpleAnnotationAction.properties,8,3,4,1,0,172,7
Java,/core/src/test/java/com/opensymphony/xwork2/test/SimpleAnnotationAction2.java,SimpleAnnotationAction2.java,42,15,22,5,0,1434,34
Java,/core/src/test/java/com/opensymphony/xwork2/test/SimpleAnnotationAction3.java,SimpleAnnotationAction3.java,49,19,21,9,0,1279,35
Properties File,/core/src/test/resources/com/opensymphony/xwork2/SimpleAnnotationAction_de.properties,SimpleAnnotationAction_de.properties,6,1,4,1,0,101,5
Properties File,/core/src/test/resources/com/opensymphony/xwork2/SimpleAnnotationAction_en.properties,SimpleAnnotationAction_en.properties,5,0,4,1,0,70,4
Java,/plugins/embeddedjsp/src/main/java/org/apache/struts2/el/parser/SimpleCharStream.java,SimpleCharStream.java,573,300,197,76,45,16113,263
Java,/plugins/oval/src/test/java/org/apache/struts2/oval/interceptor/SimpleField.java,SimpleField.java,59,31,20,8,0,1690,45
Java,/plugins/oval/src/test/java/org/apache/struts2/oval/interceptor/SimpleFieldI18n.java,SimpleFieldI18n.java,39,15,20,4,0,1288,33
Properties File,/plugins/oval/src/test/resources/org/apache/struts2/oval/interceptor/SimpleFieldI18n.properties,SimpleFieldI18n.properties,2,2,0,0,0,115,2
Java,/plugins/oval/src/test/java/org/apache/struts2/oval/interceptor/SimpleFieldI18nDefaultKey.java,SimpleFieldI18nDefaultKey.java,39,15,20,4,0,1288,33
Java,/plugins/oval/src/test/java/org/apache/struts2/oval/interceptor/SimpleFieldJPAAnnotations.java,SimpleFieldJPAAnnotations.java,38,13,20,5,0,1266,32
Java,/plugins/oval/src/test/java/org/apache/struts2/oval/interceptor/SimpleFieldOGNLExpression.java,SimpleFieldOGNLExpression.java,41,16,20,5,0,1346,34
XML,/plugins/oval/src/test/resources/org/apache/struts2/oval/interceptor/SimpleFieldsXML-validation.xml,SimpleFieldsXML-validation.xml,10,10,0,0,0,504,10
Java,/plugins/oval/src/test/java/org/apache/struts2/oval/interceptor/SimpleFieldsXML.java,SimpleFieldsXML.java,28,21,0,7,0,614,19
XML,/plugins/oval/src/test/resources/org/apache/struts2/oval/interceptor/SimpleFieldsXMLChild-validation.xml,SimpleFieldsXMLChild-validation.xml,10,10,0,0,0,519,10
Java,/plugins/oval/src/test/java/org/apache/struts2/oval/interceptor/SimpleFieldsXMLChild.java,SimpleFieldsXMLChild.java,33,10,20,3,0,1156,29
Java,/core/src/test/java/com/opensymphony/xwork2/SimpleFooAction.java,SimpleFooAction.java,41,13,21,7,0,1009,30
Java,/plugins/oval/src/test/java/org/apache/struts2/oval/interceptor/SimpleMethod.java,SimpleMethod.java,41,17,20,4,0,1311,35
Java,/plugins/embeddedjsp/src/main/java/org/apache/struts2/el/parser/SimpleNode.java,SimpleNode.java,160,99,31,30,16,4683,98
Java,/core/src/main/java/org/apache/struts2/views/xslt/SimpleNodeList.java,SimpleNodeList.java,59,30,20,9,2,1786,46
Java,/core/src/main/java/org/apache/struts2/views/xslt/SimpleTextNode.java,SimpleTextNode.java,106,58,25,23,0,3068,56
Java,/plugins/javatemplates/src/main/java/org/apache/struts2/views/java/simple/SimpleTheme.java,SimpleTheme.java,80,52,20,8,1,5003,70
Java,/plugins/json/src/test/java/org/apache/struts2/json/SimpleValue.java,SimpleValue.java,37,12,20,5,0,1070,29
Java,/plugins/convention/src/test/java/org/apache/struts2/convention/actions/action/SingleActionNameAction.java,SingleActionNameAction.java,35,8,25,2,0,1093,31
Java,/plugins/convention/src/test/java/org/apache/struts2/convention/actions/defaultinterceptor/SingleActionNameAction2.java,SingleActionNameAction2.java,35,8,25,2,0,1154,31
Java,/plugins/json/src/test/java/org/apache/struts2/json/SingleDateBean.java,SingleDateBean.java,16,11,0,5,0,240,11
Java,/plugins/sitegraph/src/main/java/org/apache/struts2/sitegraph/SiteGraph.java,SiteGraph.java,144,75,51,18,12,5024,109
Java,/plugins/sitegraph/src/main/java/org/apache/struts2/sitegraph/model/SiteGraphNode.java,SiteGraphNode.java,68,35,22,11,3,1956,49
Java,/plugins/sitegraph/src/test/java/org/apache/struts2/sitegraph/SiteGraphTest.java,SiteGraphTest.java,60,28,25,7,1,2197,52
Java,/apps/showcase/src/main/java/org/apache/struts2/showcase/model/Skill.java,Skill.java,73,35,23,15,0,1818,45
XML,/apps/showcase/src/main/resources/org/apache/struts2/showcase/action/SkillAction-validation.xml,SkillAction-validation.xml,11,10,1,0,0,449,12
Java,/apps/showcase/src/main/java/org/apache/struts2/showcase/action/SkillAction.java,SkillAction.java,84,42,28,14,4,2299,61
Properties File,/apps/showcase/src/main/resources/org/apache/struts2/showcase/action/SkillAction.properties,SkillAction.properties,6,5,0,1,0,132,6
Properties File,/apps/showcase/src/main/resources/org/apache/struts2/showcase/action/SkillAction_de.properties,SkillAction_de.properties,6,5,0,1,0,153,6
Java,/apps/showcase/src/main/java/org/apache/struts2/showcase/dao/SkillDao.java,SkillDao.java,42,13,23,6,0,1240,33
Java,/plugins/convention/src/test/java/org/apache/struts2/convention/actions/Skip.java,Skip.java,29,7,20,2,0,1019,26
Java,/core/src/main/java/org/apache/struts2/interceptor/validation/SkipValidation.java,SkipValidation.java,37,9,23,5,0,1192,30
Java,/core/src/main/java/com/opensymphony/xwork2/util/logging/slf4j/Slf4jLogger.java,Slf4jLogger.java,125,76,21,28,0,3446,67
Java,/core/src/main/java/com/opensymphony/xwork2/util/logging/slf4j/Slf4jLoggerFactory.java,Slf4jLoggerFactory.java,44,14,25,5,0,1460,34
Java,/plugins/embeddedjsp/src/main/java/org/apache/struts2/jasper/compiler/SmapGenerator.java,SmapGenerator.java,171,71,75,25,6,5563,125
Java,/plugins/embeddedjsp/src/main/java/org/apache/struts2/jasper/compiler/SmapStratum.java,SmapStratum.java,332,172,124,36,52,12145,236
Java,/plugins/embeddedjsp/src/main/java/org/apache/struts2/jasper/compiler/SmapUtil.java,SmapUtil.java,730,545,86,99,73,24833,479
Java,/plugins/osgi/src/test/java/org/apache/struts2/osgi/interceptor/SomeAction.java,SomeAction.java,36,11,20,5,0,1186,30
Java,/core/src/test/java/org/apache/struts2/SomeEnum.java,SomeEnum.java,41,14,20,7,0,1122,32
Java,/core/src/test/java/com/opensymphony/xwork2/config/providers/SomeUnknownHandler.java,SomeUnknownHandler.java,48,26,15,7,0,1757,36
Java,/core/src/main/java/org/apache/struts2/util/SortIteratorFilter.java,SortIteratorFilter.java,104,53,31,20,6,3131,74
Java,/core/src/main/java/org/apache/struts2/views/jsp/iterator/SortIteratorTag.java,SortIteratorTag.java,160,60,80,20,8,5468,115
Java,/core/src/test/java/org/apache/struts2/views/jsp/SortIteratorTagTest.java,SortIteratorTagTest.java,218,136,42,40,0,6698,111
Java,/plugins/embeddedjsp/src/test/java/org/apache/struts2/SoyBean.java,SoyBean.java,33,10,20,3,0,1095,29
Java,/core/src/main/java/com/opensymphony/xwork2/spring/SpringObjectFactory.java,SpringObjectFactory.java,285,162,96,27,25,10909,187
Java,/core/src/test/java/com/opensymphony/xwork2/spring/SpringObjectFactoryTest.java,SpringObjectFactoryTest.java,375,250,26,99,0,15889,187
Java,/plugins/osgi/src/main/java/org/apache/struts2/osgi/SpringOsgiObjectFactory.java,SpringOsgiObjectFactory.java,93,53,24,16,11,3358,63
Java,/core/src/main/java/com/opensymphony/xwork2/spring/SpringProxyableObjectFactory.java,SpringProxyableObjectFactory.java,88,51,29,8,2,3961,78
Java,/core/src/test/java/com/opensymphony/xwork2/spring/SpringResult.java,SpringResult.java,36,22,3,11,0,807,22
Java,/apps/showcase/src/main/java/org/apache/struts2/showcase/freemarker/StandardTagsAction.java,StandardTagsAction.java,67,32,23,12,0,1784,47
Java,/apps/showcase/src/main/java/org/apache/struts2/showcase/hangman/StartHangmanAction.java,StartHangmanAction.java,60,25,21,14,0,1689,42
Java,/plugins/osgi/src/main/java/org/apache/struts2/osgi/loaders/StaticContentBundleResourceLoader.java,StaticContentBundleResourceLoader.java,48,16,24,8,0,1568,37
Java,/core/src/main/java/org/apache/struts2/dispatcher/StaticContentLoader.java,StaticContentLoader.java,61,10,45,6,0,2321,48
Java,/core/src/test/java/org/apache/struts2/dispatcher/StaticContentLoaderTest.java,StaticContentLoaderTest.java,115,69,20,26,0,4550,72
Java,/apps/showcase/src/test/java/it/org/apache/struts2/showcase/staticcontent/StaticContentTest.java,StaticContentTest.java,37,20,10,7,0,1134,20
Java,/core/src/main/java/com/opensymphony/xwork2/interceptor/StaticParametersInterceptor.java,StaticParametersInterceptor.java,239,128,85,26,28,9553,171
Java,/core/src/test/java/com/opensymphony/xwork2/interceptor/StaticParametersInterceptorTest.java,StaticParametersInterceptorTest.java,209,153,20,36,0,7172,99
Java,/apps/showcase/src/main/java/org/apache/struts2/showcase/application/Storage.java,Storage.java,49,16,23,10,0,1652,37
Java,/apps/showcase/src/main/java/org/apache/struts2/showcase/exception/StorageException.java,StorageException.java,43,13,23,7,0,1237,32
Java,/core/src/main/java/org/apache/struts2/result/StreamResult.java,StreamResult.java,298,132,126,40,20,10168,189
Java,/core/src/test/java/org/apache/struts2/result/StreamResultTest.java,StreamResultTest.java,279,188,40,51,0,10835,141
Java,/core/src/main/java/org/apache/struts2/views/xslt/StringAdapter.java,StringAdapter.java,122,41,68,13,2,4350,90
Java,/plugins/json/src/main/java/org/apache/struts2/json/bridge/StringBridge.java,StringBridge.java,37,9,25,3,2,1147,32
Java,/core/src/main/java/org/apache/struts2/util/tomcat/buf/StringCache.java,StringCache.java,695,429,155,111,117,22586,336
Java,/core/src/main/java/com/opensymphony/xwork2/conversion/impl/StringConverter.java,StringConverter.java,73,60,0,13,19,2635,57
Java,/core/src/main/java/com/opensymphony/xwork2/validator/annotations/StringLengthFieldValidator.java,StringLengthFieldValidator.java,203,21,166,16,0,6649,112
Java,/core/src/main/java/com/opensymphony/xwork2/validator/validators/StringLengthFieldValidator.java,StringLengthFieldValidator.java,166,67,81,18,11,6655,121
Java,/core/src/test/java/com/opensymphony/xwork2/validator/StringLengthFieldValidatorTest.java,StringLengthFieldValidatorTest.java,222,143,20,59,0,5930,116
Java,/plugins/convention/src/main/java/org/apache/struts2/convention/StringTools.java,StringTools.java,64,32,25,7,9,2199,52
Java,/core/src/test/java/com/opensymphony/xwork2/validator/StringValidatorTest.java,StringValidatorTest.java,217,139,31,47,0,8361,104
Java,/core/src/main/java/com/opensymphony/xwork2/inject/util/Strings.java,Strings.java,55,12,40,3,3,1853,48
Java,/core/src/main/java/org/apache/struts2/factory/StrutsActionProxy.java,StrutsActionProxy.java,80,41,27,12,5,2836,62
Java,/core/src/main/java/org/apache/struts2/factory/StrutsActionProxyFactory.java,StrutsActionProxyFactory.java,40,13,21,6,0,1542,34
Java,/plugins/tiles/src/main/java/org/apache/struts2/tiles/StrutsApplicationResource.java,StrutsApplicationResource.java,59,32,18,9,2,1769,44
Java,/plugins/tiles/src/main/java/org/apache/struts2/tiles/StrutsAttributeEvaluator.java,StrutsAttributeEvaluator.java,64,34,18,12,2,2623,52
Java,/core/src/main/java/org/apache/struts2/views/freemarker/StrutsBeanWrapper.java,StrutsBeanWrapper.java,97,43,42,12,2,3799,75
Java,/core/src/test/java/org/apache/struts2/views/jsp/ui/StrutsBodyContent.java,StrutsBodyContent.java,171,106,31,34,0,4062,96
Java,/core/src/main/java/org/apache/struts2/views/jsp/StrutsBodyTagSupport.java,StrutsBodyTagSupport.java,84,42,25,17,7,2600,56
Java,/core/src/main/java/org/apache/struts2/views/freemarker/StrutsClassTemplateLoader.java,StrutsClassTemplateLoader.java,36,9,22,5,0,1170,29
Java,/plugins/sitegraph/src/main/java/org/apache/struts2/sitegraph/StrutsConfigRetriever.java,StrutsConfigRetriever.java,201,143,41,17,24,7692,148
Java,/core/src/main/java/org/apache/struts2/StrutsConstants.java,StrutsConstants.java,309,110,111,88,0,17660,218
Java,/core/src/main/java/org/apache/struts2/interceptor/StrutsConversionErrorInterceptor.java,StrutsConversionErrorInterceptor.java,124,38,70,16,8,3741,86
Java,/core/src/test/java/org/apache/struts2/interceptor/StrutsConversionErrorInterceptorTest.java,StrutsConversionErrorInterceptorTest.java,97,61,24,12,0,3773,69
Java,/core/src/main/java/org/apache/struts2/StrutsException.java,StrutsException.java,105,26,65,14,0,3047,58
Java,/core/src/main/java/org/apache/struts2/dispatcher/filter/StrutsExecuteFilter.java,StrutsExecuteFilter.java,102,57,27,18,11,3843,74
Java,/plugins/tiles/src/main/java/org/apache/struts2/tiles/StrutsFreeMarkerAttributeRenderer.java,StrutsFreeMarkerAttributeRenderer.java,118,71,26,21,8,4947,90
Java,/core/src/test/java/org/apache/struts2/StrutsInternalTestCase.java,StrutsInternalTestCase.java,117,71,35,11,6,4229,98
Java,/plugins/junit/src/test/java/org/apache/struts2/convention/StrutsJUnit4ConventionTestCaseTest.java,StrutsJUnit4ConventionTestCaseTest.java,55,19,27,9,0,1983,43
Java,/plugins/junit/src/test/java/org/apache/struts2/session/StrutsJUnit4SessionTestCaseTest.java,StrutsJUnit4SessionTestCaseTest.java,53,19,28,6,0,1940,43
Java,/plugins/junit/src/main/java/org/apache/struts2/StrutsJUnit4TestCase.java,StrutsJUnit4TestCase.java,275,178,61,36,11,10811,202
Java,/plugins/junit/src/test/java/org/apache/struts2/StrutsJUnit4TestCaseTest.java,StrutsJUnit4TestCaseTest.java,43,14,25,4,0,1363,36
Java,/core/src/main/java/org/apache/struts2/dispatcher/listener/StrutsListener.java,StrutsListener.java,62,30,26,6,2,2401,53
Java,/core/src/test/java/org/apache/struts2/views/jsp/StrutsMockBodyContent.java,StrutsMockBodyContent.java,163,101,24,38,0,3829,91
Java,/core/src/test/java/org/apache/struts2/views/jsp/StrutsMockHttpServletRequest.java,StrutsMockHttpServletRequest.java,210,136,28,46,2,4967,126
Java,/plugins/json/src/test/java/org/apache/struts2/json/StrutsMockHttpServletRequest.java,StrutsMockHttpServletRequest.java,206,136,26,44,2,4949,125
Java,/core/src/test/java/org/apache/struts2/views/jsp/StrutsMockHttpServletResponse.java,StrutsMockHttpServletResponse.java,111,66,24,21,2,2783,71
Java,/plugins/json/src/test/java/org/apache/struts2/json/StrutsMockHttpServletResponse.java,StrutsMockHttpServletResponse.java,90,66,4,20,2,1954,54
Java,/plugins/json/src/test/java/org/apache/struts2/json/StrutsMockHttpSession.java,StrutsMockHttpSession.java,68,31,22,15,0,1903,41
Java,/core/src/test/java/org/apache/struts2/views/jsp/StrutsMockHttpSession.java,StrutsMockHttpSession.java,77,36,24,17,0,2037,46
Java,/core/src/test/java/org/apache/struts2/views/jsp/StrutsMockJspWriter.java,StrutsMockJspWriter.java,172,108,28,36,0,4324,93
Java,/core/src/test/java/org/apache/struts2/views/jsp/StrutsMockPageContext.java,StrutsMockPageContext.java,83,42,22,19,6,2240,54
Java,/core/src/test/java/org/apache/struts2/views/jsp/StrutsMockServletContext.java,StrutsMockServletContext.java,171,111,24,36,2,4033,94
Java,/plugins/json/src/test/java/org/apache/struts2/json/StrutsMockServletContext.java,StrutsMockServletContext.java,296,208,22,66,3,6703,116
Java,/core/src/main/java/org/apache/struts2/views/freemarker/tags/StrutsModels.java,StrutsModels.java,416,307,24,85,84,10050,242
Java,/plugins/osgi/src/main/java/org/apache/struts2/osgi/StrutsOsgiListener.java,StrutsOsgiListener.java,47,33,3,11,0,1581,33
Java,/plugins/portlet/src/main/java/org/apache/struts2/StrutsPortletTestCase.java,StrutsPortletTestCase.java,90,57,16,17,0,2946,62
Java,/core/src/main/java/org/apache/struts2/dispatcher/filter/StrutsPrepareAndExecuteFilter.java,StrutsPrepareAndExecuteFilter.java,156,91,48,17,10,6115,116
Java,/core/src/test/java/org/apache/struts2/dispatcher/ng/StrutsPrepareAndExecuteFilterIntegrationTest.java,StrutsPrepareAndExecuteFilterIntegrationTest.java,192,152,24,16,0,8290,89
Java,/core/src/main/java/org/apache/struts2/dispatcher/filter/StrutsPrepareFilter.java,StrutsPrepareFilter.java,104,61,29,14,6,3898,81
Java,/core/src/main/java/org/apache/struts2/dispatcher/StrutsRequestWrapper.java,StrutsRequestWrapper.java,106,42,51,13,12,4088,78
Java,/core/src/main/java/org/apache/struts2/views/velocity/StrutsResourceLoader.java,StrutsResourceLoader.java,52,20,24,8,5,1760,39
Java,/plugins/junit/src/main/java/org/apache/struts2/StrutsRestTestCase.java,StrutsRestTestCase.java,133,68,45,20,2,5628,83
Java,/core/src/main/java/org/apache/struts2/factory/StrutsResultFactory.java,StrutsResultFactory.java,71,57,3,11,9,2761,52
Java,/core/src/test/java/org/apache/struts2/factory/StrutsResultFactoryTest.java,StrutsResultFactoryTest.java,75,49,6,20,0,2308,46
Java,/core/src/main/java/org/apache/struts2/result/StrutsResultSupport.java,StrutsResultSupport.java,284,89,173,22,15,9781,177
Java,/core/src/test/java/org/apache/struts2/result/StrutsResultSupportTest.java,StrutsResultSupportTest.java,156,104,23,29,0,5866,81
Java,/core/src/main/java/org/apache/struts2/dispatcher/servlet/StrutsServlet.java,StrutsServlet.java,94,58,26,10,6,3713,74
Java,/plugins/sitemesh/src/main/java/org/apache/struts2/sitemesh/StrutsSiteMeshFactory.java,StrutsSiteMeshFactory.java,55,27,21,7,3,2134,46
Java,/plugins/junit/src/main/java/org/apache/struts2/StrutsSpringJUnit4TestCase.java,StrutsSpringJUnit4TestCase.java,45,15,25,5,0,1685,37
Java,/plugins/junit/src/test/java/org/apache/struts2/StrutsSpringJUnit4TestCaseTest.java,StrutsSpringJUnit4TestCaseTest.java,76,45,21,10,0,2849,59
Java,/plugins/spring/src/main/java/org/apache/struts2/spring/StrutsSpringObjectFactory.java,StrutsSpringObjectFactory.java,144,78,44,22,15,6615,115
XML,/plugins/spring/src/test/resources/org/apache/struts2/spring/StrutsSpringObjectFactoryTest-applicationContext.xml,StrutsSpringObjectFactoryTest-applicationContext.xml,28,4,23,1,0,1028,26
Java,/plugins/spring/src/test/java/org/apache/struts2/spring/StrutsSpringObjectFactoryTest.java,StrutsSpringObjectFactoryTest.java,67,30,25,12,0,2768,50
Java,/plugins/junit/src/main/java/org/apache/struts2/StrutsSpringTestCase.java,StrutsSpringTestCase.java,49,18,24,7,2,1933,40
Java,/plugins/junit/src/test/java/org/apache/struts2/StrutsSpringTestCaseTest.java,StrutsSpringTestCaseTest.java,29,8,20,1,0,1163,28
Java,/core/src/main/java/org/apache/struts2/StrutsStatics.java,StrutsStatics.java,78,10,58,10,0,2635,50
Java,/core/src/main/java/org/apache/struts2/views/annotations/StrutsTag.java,StrutsTag.java,44,14,23,7,0,1366,35
Java,/core/src/main/java/org/apache/struts2/views/annotations/StrutsTagAttribute.java,StrutsTagAttribute.java,46,15,23,8,0,1397,36
Java,/core/src/main/java/org/apache/struts2/views/annotations/StrutsTagSkipInheritance.java,StrutsTagSkipInheritance.java,36,9,23,4,0,1254,30
Java,/plugins/junit/src/main/java/org/apache/struts2/StrutsTestCase.java,StrutsTestCase.java,256,159,67,30,10,9966,187
Java,/plugins/testng/src/main/java/org/apache/struts2/StrutsTestCase.java,StrutsTestCase.java,69,30,29,10,0,2324,55
Java,/core/src/main/java/org/apache/struts2/util/StrutsTestCaseHelper.java,StrutsTestCaseHelper.java,99,52,32,15,2,3379,75
Java,/plugins/junit/src/test/java/org/apache/struts2/StrutsTestCaseTest.java,StrutsTestCaseTest.java,102,58,27,17,0,3690,71
Java,/plugins/tiles/src/main/java/org/apache/struts2/tiles/StrutsTilesAnnotationProcessor.java,StrutsTilesAnnotationProcessor.java,177,111,50,16,29,7898,132
Java,/plugins/tiles/src/test/java/org/apache/struts2/tiles/StrutsTilesAnnotationProcessorTest.java,StrutsTilesAnnotationProcessorTest.java,147,122,0,25,0,7381,93
Java,/plugins/tiles/src/main/java/org/apache/struts2/tiles/StrutsTilesContainerFactory.java,StrutsTilesContainerFactory.java,264,187,41,36,8,11600,197
Java,/plugins/tiles/src/main/java/org/apache/struts2/tiles/StrutsTilesInitializer.java,StrutsTilesInitializer.java,55,28,18,9,3,2324,44
Java,/plugins/tiles/src/main/java/org/apache/struts2/tiles/StrutsTilesListener.java,StrutsTilesListener.java,41,13,23,5,0,1474,34
Java,/plugins/tiles/src/main/java/org/apache/struts2/tiles/StrutsTilesLocaleResolver.java,StrutsTilesLocaleResolver.java,54,26,18,10,2,2093,44
Java,/core/src/main/java/org/apache/struts2/util/StrutsTypeConverter.java,StrutsTypeConverter.java,96,21,67,8,6,3764,69
Java,/core/src/test/java/org/apache/struts2/util/StrutsTypeConverterTest.java,StrutsTypeConverterTest.java,111,52,41,18,0,3853,69
Java,/core/src/main/java/org/apache/struts2/dispatcher/multipart/StrutsUploadedFile.java,StrutsUploadedFile.java,61,32,18,11,0,1533,39
Java,/core/src/main/java/org/apache/struts2/util/StrutsUtil.java,StrutsUtil.java,288,190,44,54,35,9194,191
Java,/core/src/test/java/org/apache/struts2/util/StrutsUtilTest.java,StrutsUtilTest.java,244,170,30,44,1,8519,153
Java,/core/src/main/java/org/apache/struts2/views/velocity/StrutsVelocityContext.java,StrutsVelocityContext.java,116,62,30,24,22,3448,67
Java,/plugins/tiles/src/main/java/org/apache/struts2/tiles/StrutsWildcardServletApplicationContext.java,StrutsWildcardServletApplicationContext.java,135,93,18,24,10,4718,93
Java,/core/src/main/java/org/apache/struts2/config/StrutsXmlConfigurationProvider.java,StrutsXmlConfigurationProvider.java,171,105,51,15,19,6446,122
Java,/core/src/main/java/com/opensymphony/xwork2/test/StubConfigurationProvider.java,StubConfigurationProvider.java,36,20,5,11,0,1020,18
Java,/core/src/test/java/com/opensymphony/xwork2/StubValueStack.java,StubValueStack.java,104,64,18,22,0,2670,61
Java,/plugins/sitegraph/src/main/java/org/apache/struts2/sitegraph/model/SubGraph.java,SubGraph.java,128,82,26,20,14,3485,89
Plain Text,/core/src/test/resources/org/apache/struts2/views/jsp/ui/Submit-1.txt,Submit-1.txt,3,3,0,0,0,160,4
Plain Text,/core/src/test/resources/org/apache/struts2/views/jsp/ui/Submit-10.txt,Submit-10.txt,1,1,0,0,0,72,1
Plain Text,/core/src/test/resources/org/apache/struts2/views/jsp/ui/Submit-2.txt,Submit-2.txt,3,3,0,0,0,146,4
Plain Text,/core/src/test/resources/org/apache/struts2/views/jsp/ui/Submit-3.txt,Submit-3.txt,3,3,0,0,0,172,4
Plain Text,/core/src/test/resources/org/apache/struts2/views/jsp/ui/Submit-4.txt,Submit-4.txt,3,3,0,0,0,143,4
Plain Text,/core/src/test/resources/org/apache/struts2/views/jsp/ui/Submit-5.txt,Submit-5.txt,3,3,0,0,0,144,4
Plain Text,/core/src/test/resources/org/apache/struts2/views/jsp/ui/Submit-6.txt,Submit-6.txt,3,3,0,0,0,143,4
Plain Text,/core/src/test/resources/org/apache/struts2/views/jsp/ui/Submit-7.txt,Submit-7.txt,2,2,0,0,0,96,3
Plain Text,/core/src/test/resources/org/apache/struts2/views/jsp/ui/Submit-8.txt,Submit-8.txt,2,2,0,0,0,89,2
Plain Text,/core/src/test/resources/org/apache/struts2/views/jsp/ui/Submit-9.txt,Submit-9.txt,2,2,0,0,0,88,2
Java,/core/src/main/java/org/apache/struts2/components/Submit.java,Submit.java,130,67,41,22,10,4130,92
Java,/apps/showcase/src/main/java/org/apache/struts2/showcase/tag/nonui/actionPrefix/SubmitAction.java,SubmitAction.java,47,18,20,9,0,1314,34
XML,/apps/showcase/src/main/resources/org/apache/struts2/showcase/validation/SubmitApplication-submitApplication-validation.xml,SubmitApplication-submitApplication-validation.xml,24,21,0,3,0,656,19
Java,/apps/showcase/src/main/java/org/apache/struts2/showcase/validation/SubmitApplication.java,SubmitApplication.java,62,29,23,10,0,1604,42
Java,/core/src/main/java/org/apache/struts2/views/velocity/components/SubmitDirective.java,SubmitDirective.java,43,14,23,6,0,1410,34
Java,/plugins/javatemplates/src/main/java/org/apache/struts2/views/java/simple/SubmitHandler.java,SubmitHandler.java,98,66,21,11,12,4106,70
Java,/core/src/main/java/org/apache/struts2/views/freemarker/tags/SubmitModel.java,SubmitModel.java,43,14,23,6,0,1393,34
Java,/core/src/main/java/org/apache/struts2/views/jsp/ui/SubmitTag.java,SubmitTag.java,77,39,23,15,0,2116,54
Java,/plugins/javatemplates/src/test/java/org/apache/struts2/views/java/simple/SubmitTest.java,SubmitTest.java,168,125,20,23,0,6026,69
Java,/core/src/test/java/org/apache/struts2/views/jsp/ui/SubmitTest.java,SubmitTest.java,266,181,32,53,0,8304,98
Java,/core/src/main/java/org/apache/struts2/util/SubsetIteratorFilter.java,SubsetIteratorFilter.java,177,99,43,35,21,5303,120
Java,/core/src/main/java/org/apache/struts2/views/jsp/iterator/SubsetIteratorTag.java,SubsetIteratorTag.java,287,114,146,27,30,9927,204
Java,/apps/showcase/src/main/java/org/apache/struts2/showcase/tag/nonui/iteratortag/SubsetIteratorTagDemo.java,SubsetIteratorTagDemo.java,83,40,23,20,5,2069,51
Java,/core/src/test/java/org/apache/struts2/views/jsp/SubsetIteratorTagTest.java,SubsetIteratorTagTest.java,280,206,24,50,1,9962,105
Java,/plugins/embeddedjsp/src/main/java/org/apache/struts2/jasper/xmlparser/SymbolTable.java,SymbolTable.java,319,107,168,44,30,10146,177
Java,/core/src/main/java/org/apache/struts2/util/TabbedPane.java,TabbedPane.java,69,28,26,15,0,1789,45
Java,/plugins/embeddedjsp/src/main/java/org/apache/struts2/jasper/compiler/TagConstants.java,TagConstants.java,116,60,25,31,0,4858,81
Java,/plugins/embeddedjsp/src/main/java/org/apache/struts2/jasper/compiler/TagFileProcessor.java,TagFileProcessor.java,726,480,144,102,121,29704,503
Java,/plugins/javatemplates/src/main/java/org/apache/struts2/views/java/TagGenerator.java,TagGenerator.java,28,5,20,3,0,988,24
Java,/plugins/javatemplates/src/main/java/org/apache/struts2/views/java/TagHandler.java,TagHandler.java,62,11,42,9,0,1905,42
Java,/plugins/javatemplates/src/main/java/org/apache/struts2/views/java/TagHandlerFactory.java,TagHandlerFactory.java,26,4,20,2,0,945,23
Java,/plugins/embeddedjsp/src/main/java/org/apache/struts2/jasper/runtime/TagHandlerPool.java,TagHandlerPool.java,191,112,57,22,19,6337,134
Java,/core/src/main/java/org/apache/struts2/views/TagLibraryDirectiveProvider.java,TagLibraryDirectiveProvider.java,44,8,29,7,0,1403,35
Java,/plugins/embeddedjsp/src/main/java/org/apache/struts2/jasper/compiler/TagLibraryInfoImpl.java,TagLibraryInfoImpl.java,768,576,111,81,236,29811,512
Java,/core/src/main/java/org/apache/struts2/views/TagLibraryModelProvider.java,TagLibraryModelProvider.java,45,7,32,6,0,1621,37
Java,/core/src/main/java/org/apache/struts2/views/freemarker/tags/TagModel.java,TagModel.java,139,101,22,16,21,5477,99
Java,/core/src/test/java/org/apache/struts2/views/freemarker/tags/TagModelTest.java,TagModelTest.java,427,312,38,77,0,14285,206
Java,/plugins/embeddedjsp/src/main/java/org/apache/struts2/jasper/compiler/tagplugin/TagPlugin.java,TagPlugin.java,37,4,28,5,0,1386,31
Java,/plugins/embeddedjsp/src/main/java/org/apache/struts2/jasper/compiler/tagplugin/TagPluginContext.java,TagPluginContext.java,133,17,98,18,0,4730,85
Java,/plugins/embeddedjsp/src/main/java/org/apache/struts2/jasper/compiler/TagPluginManager.java,TagPluginManager.java,240,171,31,38,30,7494,162
Java,/plugins/javatemplates/src/main/java/org/apache/struts2/views/java/TagSerializer.java,TagSerializer.java,27,3,23,1,0,994,24
Java,/core/src/main/java/org/apache/struts2/views/jsp/TagUtils.java,TagUtils.java,113,69,27,17,11,4877,90
Java,/plugins/sitegraph/src/main/java/org/apache/struts2/sitegraph/entities/Target.java,Target.java,72,36,22,14,14,1916,51
Java,/core/src/main/java/org/apache/struts2/components/template/Template.java,Template.java,115,60,38,17,20,3475,85
Java,/core/src/main/java/org/apache/struts2/components/template/TemplateEngine.java,TemplateEngine.java,47,6,35,6,0,1564,37
Java,/core/src/main/java/org/apache/struts2/components/template/TemplateEngineManager.java,TemplateEngineManager.java,136,68,55,13,9,4924,104
Java,/core/src/test/java/org/apache/struts2/views/TemplateEngineManagerTest.java,TemplateEngineManagerTest.java,93,55,24,14,0,4034,71
Java,/core/src/main/java/org/apache/struts2/components/template/TemplateRenderingContext.java,TemplateRenderingContext.java,77,34,32,11,0,2046,59
Java,/core/src/main/java/com/opensymphony/xwork2/util/finder/Test.java,Test.java,29,4,24,1,0,986,26
XML,/core/src/test/resources/org/apache/struts2/TestAction-validation.xml,TestAction-validation.xml,35,13,22,0,0,1264,32
Java,/core/src/test/java/org/apache/struts2/views/freemarker/TestAction.java,TestAction.java,58,24,22,12,0,1555,40
Java,/plugins/convention/src/test/java/org/apache/struts2/convention/actions/action/TestAction.java,TestAction.java,32,6,25,1,0,1006,29
Java,/core/src/test/java/org/apache/struts2/TestAction.java,TestAction.java,231,155,33,43,5,6070,143
Java,/plugins/json/src/test/java/org/apache/struts2/json/TestAction.java,TestAction.java,198,138,22,38,2,4336,121
Properties File,/core/src/test/resources/org/apache/struts2/TestAction.properties,TestAction.properties,26,6,20,0,0,984,22
Java,/core/src/test/java/org/apache/struts2/views/jsp/ui/TestAction1.java,TestAction1.java,33,5,24,4,0,1057,26
Properties File,/core/src/test/resources/org/apache/struts2/views/jsp/ui/TestAction1.properties,TestAction1.properties,1,1,0,0,0,28,2
Properties File,/core/src/test/resources/org/apache/struts2/views/jsp/ui/TestAction1_de.properties,TestAction1_de.properties,1,1,0,0,0,38,2
Properties File,/core/src/test/resources/org/apache/struts2/views/jsp/ui/TestAction1_fr.properties,TestAction1_fr.properties,1,1,0,0,0,38,2
Java,/plugins/json/src/test/java/org/apache/struts2/json/TestAction2.java,TestAction2.java,27,6,20,1,0,940,25
Java,/plugins/json/src/test/java/org/apache/struts2/json/TestAction3.java,TestAction3.java,27,6,20,1,0,961,25
Java,/plugins/json/src/test/java/org/apache/struts2/json/TestAction4.java,TestAction4.java,35,12,20,3,2,1102,30
Java,/plugins/json/src/test/java/org/apache/struts2/json/TestAction5.java,TestAction5.java,52,25,20,7,4,1523,40
Java,/core/src/test/java/com/opensymphony/xwork2/spring/interceptor/TestActionInvocation.java,TestActionInvocation.java,82,55,6,21,0,1740,41
Java,/core/src/test/java/org/apache/struts2/TestActionTagResult.java,TestActionTagResult.java,44,16,20,8,0,1336,33
Java,/plugins/convention/src/test/java/org/apache/struts2/convention/actions/action/TestBase.java,TestBase.java,27,4,20,3,0,1005,24
XML,/core/src/test/resources/com/opensymphony/xwork2/TestBean-anotherContext-validation.xml,TestBean-anotherContext-validation.xml,10,10,0,0,0,439,11
XML,/core/src/test/resources/com/opensymphony/xwork2/TestBean-badtest-validation.xml,TestBean-badtest-validation.xml,8,8,0,0,0,332,9
XML,/core/src/test/resources/com/opensymphony/xwork2/TestBean-beanMessageBundle-validation.xml,TestBean-beanMessageBundle-validation.xml,15,15,0,0,0,729,15
XML,/core/src/test/resources/com/opensymphony/xwork2/TestBean-expressionValidation-validation.xml,TestBean-expressionValidation-validation.xml,9,9,0,0,0,429,10
XML,/core/src/test/resources/com/opensymphony/xwork2/TestBean-validation.xml,TestBean-validation.xml,8,8,0,0,0,322,9
XML,/core/src/test/resources/com/opensymphony/xwork2/TestBean-visitorChildValidation-validation.xml,TestBean-visitorChildValidation-validation.xml,14,14,0,0,0,525,13
XML,/core/src/test/resources/com/opensymphony/xwork2/TestBean-visitorValidation-validation.xml,TestBean-visitorValidation-validation.xml,9,9,0,0,0,375,10
Java,/core/src/test/java/com/opensymphony/xwork2/TestBean.java,TestBean.java,72,34,21,17,0,1515,46
Java,/core/src/test/java/org/apache/struts2/views/freemarker/TestBean.java,TestBean.java,61,22,28,11,0,1454,42
Properties File,/core/src/test/resources/com/opensymphony/xwork2/TestBean.properties,TestBean.properties,1,1,0,0,0,89,2
Properties File,/core/src/test/resources/com/opensymphony/xwork2/test/TestBean2-conversion.properties,TestBean2-conversion.properties,1,1,0,0,0,62,2
Java,/core/src/test/java/com/opensymphony/xwork2/test/TestBean2.java,TestBean2.java,58,27,20,11,0,1376,40
XML,/core/src/test/resources/com/opensymphony/xwork2/TestChildBean-validation.xml,TestChildBean-validation.xml,23,23,0,0,0,900,20
Java,/core/src/test/java/com/opensymphony/xwork2/TestChildBean.java,TestChildBean.java,62,31,18,13,0,1398,41
Java,/core/src/test/java/org/apache/struts2/TestConfigurationProvider.java,TestConfigurationProvider.java,174,111,36,27,3,8153,120
Java,/apps/showcase/src/main/java/org/apache/struts2/showcase/application/TestDataProvider.java,TestDataProvider.java,114,76,23,15,4,3560,83
Java,/plugins/convention/src/test/java/org/apache/struts2/convention/actions/action/TestExtends.java,TestExtends.java,25,3,20,2,0,945,23
Java,/plugins/convention/src/test/java/org/apache/struts2/convention/TestInterceptor.java,TestInterceptor.java,21,16,0,5,0,489,17
Java,/core/src/test/java/com/opensymphony/xwork2/TestInterceptor.java,TestInterceptor.java,86,34,36,16,0,2414,57
Java,/plugins/testng/src/test/java/org/apache/struts2/TestNGStrutsTestCaseTest.java,TestNGStrutsTestCaseTest.java,66,37,20,9,0,2164,56
Java,/core/src/main/java/com/opensymphony/xwork2/TestNGXWorkTestCase.java,TestNGXWorkTestCase.java,62,37,19,6,0,2470,50
Java,/core/src/test/java/com/opensymphony/xwork2/TestNGXWorkTestCaseTest.java,TestNGXWorkTestCaseTest.java,53,33,15,5,0,1820,47
Java,/core/src/test/java/org/apache/struts2/TestResult.java,TestResult.java,99,53,24,22,9,3088,68
Java,/core/src/test/java/org/apache/struts2/config/TestSettings.java,TestSettings.java,60,19,32,9,0,1608,44
Java,/core/src/test/java/org/apache/struts2/TestUtils.java,TestUtils.java,96,39,43,14,3,3199,69
Java,/plugins/json/src/test/java/org/apache/struts2/json/TestUtils.java,TestUtils.java,99,32,57,10,2,3589,77
Java,/core/src/main/java/org/apache/struts2/components/Text.java,Text.java,190,74,98,18,11,5810,133
Java,/core/src/main/java/org/apache/struts2/components/TextArea.java,TextArea.java,105,55,34,16,8,3131,75
Java,/core/src/main/java/org/apache/struts2/views/velocity/components/TextAreaDirective.java,TextAreaDirective.java,43,14,23,6,0,1420,34
Java,/plugins/javatemplates/src/main/java/org/apache/struts2/views/java/simple/TextAreaHandler.java,TextAreaHandler.java,53,28,20,5,1,2169,47
Java,/core/src/main/java/org/apache/struts2/views/freemarker/tags/TextAreaModel.java,TextAreaModel.java,43,14,23,6,0,1403,34
Java,/plugins/javatemplates/src/test/java/org/apache/struts2/views/java/simple/TextAreaTest.java,TextAreaTest.java,85,54,20,11,0,2782,54
Java,/core/src/main/java/org/apache/struts2/views/velocity/components/TextDirective.java,TextDirective.java,43,14,23,6,0,1390,34
Java,/core/src/main/java/org/apache/struts2/components/TextField.java,TextField.java,125,59,47,19,8,3878,87
Java,/core/src/main/java/org/apache/struts2/views/velocity/components/TextFieldDirective.java,TextFieldDirective.java,43,14,23,6,0,1425,34
Java,/plugins/javatemplates/src/main/java/org/apache/struts2/views/java/simple/TextFieldHandler.java,TextFieldHandler.java,50,26,20,4,1,2113,45
Java,/core/src/main/java/org/apache/struts2/views/freemarker/tags/TextFieldModel.java,TextFieldModel.java,43,14,23,6,0,1408,34
Java,/core/src/main/java/org/apache/struts2/views/jsp/ui/TextFieldTag.java,TextFieldTag.java,72,36,23,13,0,2127,52
Java,/plugins/javatemplates/src/test/java/org/apache/struts2/views/java/simple/TextFieldTest.java,TextFieldTest.java,66,38,20,8,0,2145,52
Java,/core/src/main/java/org/apache/struts2/views/freemarker/tags/TextModel.java,TextModel.java,43,14,23,6,0,1373,34
Java,/plugins/embeddedjsp/src/main/java/org/apache/struts2/jasper/compiler/TextOptimizer.java,TextOptimizer.java,115,60,34,21,7,3684,77
Java,/core/src/main/java/com/opensymphony/xwork2/util/TextParseUtil.java,TextParseUtil.java,297,95,172,30,16,11948,155
Java,/core/src/test/java/com/opensymphony/xwork2/util/TextParseUtilTest.java,TextParseUtilTest.java,214,137,30,47,0,8586,131
Java,/core/src/main/java/com/opensymphony/xwork2/util/TextParser.java,TextParser.java,13,5,4,4,0,394,10
Java,/core/src/main/java/com/opensymphony/xwork2/TextProvider.java,TextProvider.java,187,18,153,16,0,8498,91
Java,/core/src/main/java/com/opensymphony/xwork2/TextProviderFactory.java,TextProviderFactory.java,71,40,21,10,8,2416,46
Java,/core/src/main/java/org/apache/struts2/util/TextProviderHelper.java,TextProviderHelper.java,126,51,62,13,13,5780,86
Java,/core/src/main/java/com/opensymphony/xwork2/TextProviderSupport.java,TextProviderSupport.java,331,116,187,28,29,13565,144
Java,/core/src/test/java/com/opensymphony/xwork2/TextProviderSupportTest.java,TextProviderSupportTest.java,136,89,20,27,0,5594,84
Properties File,/core/src/test/resources/com/opensymphony/xwork2/TextProviderSupportTest_en.properties,TextProviderSupportTest_en.properties,12,5,6,1,0,378,11
Java,/core/src/main/java/org/apache/struts2/views/jsp/TextTag.java,TextTag.java,62,26,23,13,0,1818,44
Java,/core/src/test/java/org/apache/struts2/views/jsp/TextTagTest.java,TextTagTest.java,326,248,32,46,10,11527,182
Plain Text,/core/src/test/resources/org/apache/struts2/views/jsp/ui/Textarea-1.txt,Textarea-1.txt,4,4,0,0,0,343,5
Java,/core/src/main/java/org/apache/struts2/views/jsp/ui/TextareaTag.java,TextareaTag.java,75,36,23,16,0,2085,52
Java,/core/src/test/java/org/apache/struts2/views/jsp/ui/TextareaTest.java,TextareaTest.java,86,44,30,12,0,3147,67
Plain Text,/core/src/test/resources/org/apache/struts2/views/jsp/ui/Textfield-1.txt,Textfield-1.txt,4,4,0,0,0,189,5
Plain Text,/core/src/test/resources/org/apache/struts2/views/jsp/ui/Textfield-10.txt,Textfield-10.txt,12,12,0,0,0,419,10
Plain Text,/core/src/test/resources/org/apache/struts2/views/jsp/ui/Textfield-11.txt,Textfield-11.txt,12,12,0,0,0,419,10
Plain Text,/core/src/test/resources/org/apache/struts2/views/jsp/ui/Textfield-12.txt,Textfield-12.txt,11,11,0,0,0,233,10
Plain Text,/core/src/test/resources/org/apache/struts2/views/jsp/ui/Textfield-13.txt,Textfield-13.txt,11,11,0,0,0,233,10
Plain Text,/core/src/test/resources/org/apache/struts2/views/jsp/ui/Textfield-14.txt,Textfield-14.txt,4,4,0,0,0,128,4
Plain Text,/core/src/test/resources/org/apache/struts2/views/jsp/ui/Textfield-2.txt,Textfield-2.txt,7,7,0,0,0,320,7
Plain Text,/core/src/test/resources/org/apache/struts2/views/jsp/ui/Textfield-3.txt,Textfield-3.txt,4,4,0,0,0,173,5
Plain Text,/core/src/test/resources/org/apache/struts2/views/jsp/ui/Textfield-4.txt,Textfield-4.txt,6,6,0,0,0,235,6
Plain Text,/core/src/test/resources/org/apache/struts2/views/jsp/ui/Textfield-5.txt,Textfield-5.txt,4,4,0,0,0,192,5
Plain Text,/core/src/test/resources/org/apache/struts2/views/jsp/ui/Textfield-6.txt,Textfield-6.txt,4,4,0,0,0,183,5
Plain Text,/core/src/test/resources/org/apache/struts2/views/jsp/ui/Textfield-7.txt,Textfield-7.txt,4,4,0,0,0,186,5
Plain Text,/core/src/test/resources/org/apache/struts2/views/jsp/ui/Textfield-8.txt,Textfield-8.txt,13,13,0,0,0,359,10
Plain Text,/core/src/test/resources/org/apache/struts2/views/jsp/ui/Textfield-9.txt,Textfield-9.txt,13,13,0,0,0,358,10
Java,/core/src/test/java/org/apache/struts2/views/jsp/ui/TextfieldTest.java,TextfieldTest.java,356,253,30,73,0,11338,119
Java,/plugins/javatemplates/src/main/java/org/apache/struts2/views/java/Theme.java,Theme.java,29,6,20,3,0,1062,25
Properties File,/core/src/test/resources/com/opensymphony/xwork2/util/Tiger-conversion.properties,Tiger-conversion.properties,1,1,0,0,0,51,2
Java,/core/src/test/java/com/opensymphony/xwork2/util/Tiger.java,Tiger.java,39,11,21,7,0,941,29
Java,/plugins/tiles/src/main/java/org/apache/struts2/tiles/annotation/TilesAddAttribute.java,TilesAddAttribute.java,30,7,22,1,0,1147,28
Java,/plugins/tiles/src/main/java/org/apache/struts2/tiles/annotation/TilesAddListAttribute.java,TilesAddListAttribute.java,28,5,22,1,0,1109,26
Java,/apps/showcase/src/main/java/org/apache/struts2/showcase/tiles/TilesAnnotationsAction.java,TilesAnnotationsAction.java,40,17,18,5,0,1681,36
Java,/plugins/tiles/src/main/java/org/apache/struts2/tiles/annotation/TilesDefinition.java,TilesDefinition.java,66,20,43,3,0,2498,57
Java,/plugins/tiles/src/main/java/org/apache/struts2/tiles/annotation/TilesDefinitions.java,TilesDefinitions.java,36,12,22,2,0,1305,33
Java,/plugins/tiles/src/main/java/org/apache/struts2/tiles/annotation/TilesPutAttribute.java,TilesPutAttribute.java,32,9,22,1,0,1216,30
Java,/plugins/tiles/src/main/java/org/apache/struts2/tiles/annotation/TilesPutListAttribute.java,TilesPutListAttribute.java,32,9,22,1,0,1277,30
Java,/plugins/tiles/src/main/java/org/apache/struts2/views/tiles/TilesResult.java,TilesResult.java,163,76,70,17,9,6663,127
Java,/plugins/tiles/src/test/java/org/apache/struts2/tiles/TilesTestActionMultipleAnnotations.java,TilesTestActionMultipleAnnotations.java,12,9,0,3,0,315,11
Java,/plugins/tiles/src/test/java/org/apache/struts2/tiles/TilesTestActionSingleAnnotation.java,TilesTestActionSingleAnnotation.java,49,46,0,3,0,2003,47
Java,/plugins/tiles/src/test/java/org/apache/struts2/tiles/TilesTestActionSingleAnnotationAllEmpty.java,TilesTestActionSingleAnnotationAllEmpty.java,28,25,0,3,0,1021,27
Java,/core/src/main/java/org/apache/struts2/util/Timer.java,Timer.java,52,14,29,9,0,1597,39
Java,/core/src/main/java/com/opensymphony/xwork2/interceptor/TimerInterceptor.java,TimerInterceptor.java,245,104,120,21,39,8662,161
Java,/core/src/test/java/com/opensymphony/xwork2/interceptor/TimerInterceptorTest.java,TimerInterceptorTest.java,160,114,21,25,0,5412,96
Java,/plugins/embeddedjsp/src/main/java/org/apache/struts2/jasper/compiler/TldLocationsCache.java,TldLocationsCache.java,581,341,198,42,80,21182,413
Java,/apps/showcase/src/main/java/org/apache/struts2/showcase/ajax/tree/Toggle.java,Toggle.java,34,8,22,4,0,1031,28
Java,/core/src/main/java/org/apache/struts2/components/Token.java,Token.java,113,47,48,18,9,3686,84
Java,/plugins/embeddedjsp/src/main/java/org/apache/struts2/el/parser/Token.java,Token.java,136,39,82,15,0,4020,87
Java,/apps/showcase/src/main/java/org/apache/struts2/showcase/token/TokenAction.java,TokenAction.java,83,38,27,18,4,2699,56
Java,/core/src/main/java/org/apache/struts2/views/velocity/components/TokenDirective.java,TokenDirective.java,43,14,23,6,0,1405,34
Java,/plugins/javatemplates/src/main/java/org/apache/struts2/views/java/simple/TokenHandler.java,TokenHandler.java,53,22,22,9,0,1803,40
Java,/core/src/main/java/org/apache/struts2/util/TokenHelper.java,TokenHelper.java,208,95,84,29,11,7088,129
Java,/core/src/test/java/org/apache/struts2/util/TokenHelperTest.java,TokenHelperTest.java,105,61,24,20,2,3512,71
Java,/core/src/main/java/org/apache/struts2/interceptor/TokenInterceptor.java,TokenInterceptor.java,196,56,123,17,4,7474,130
Java,/core/src/test/java/org/apache/struts2/interceptor/TokenInterceptorTest.java,TokenInterceptorTest.java,133,84,25,24,0,4749,91
Java,/plugins/embeddedjsp/src/main/java/org/apache/struts2/el/parser/TokenMgrError.java,TokenMgrError.java,159,71,74,14,5,5049,104
Java,/core/src/main/java/org/apache/struts2/views/freemarker/tags/TokenModel.java,TokenModel.java,43,14,23,6,0,1388,34
Java,/core/src/main/java/org/apache/struts2/interceptor/TokenSessionStoreInterceptor.java,TokenSessionStoreInterceptor.java,171,62,89,20,10,6634,119
Java,/core/src/test/java/org/apache/struts2/interceptor/TokenSessionStoreInterceptorTest.java,TokenSessionStoreInterceptorTest.java,57,21,27,9,0,1970,42
Java,/core/src/main/java/org/apache/struts2/views/jsp/ui/TokenTag.java,TokenTag.java,43,12,23,8,0,1387,33
Java,/core/src/test/java/org/apache/struts2/views/jsp/ui/TokenTagTest.java,TokenTagTest.java,100,53,28,19,0,2974,67
Java,/plugins/javatemplates/src/test/java/org/apache/struts2/views/java/simple/TokenTest.java,TokenTest.java,68,36,21,11,0,2120,51
Java,/core/src/test/java/org/apache/struts2/views/jsp/ui/TooltipTest.java,TooltipTest.java,384,264,37,83,0,12015,123
Java,/plugins/convention/src/test/java/org/apache/struts2/convention/actions/transactions/TransNameAction.java,TransNameAction.java,40,12,25,3,0,1239,33
Java,/plugins/embeddedjsp/src/main/java/org/apache/struts2/jasper/xmlparser/TreeNode.java,TreeNode.java,364,131,139,94,32,8921,177
Java,/core/src/test/java/org/apache/struts2/dispatcher/ng/TwoFilterIntegrationTest.java,TwoFilterIntegrationTest.java,149,111,23,15,8,6580,105
Java,/core/src/main/java/com/opensymphony/xwork2/conversion/annotations/TypeConversion.java,TypeConversion.java,190,14,168,8,0,5833,127
Java,/core/src/main/java/com/opensymphony/xwork2/conversion/TypeConversionException.java,TypeConversionException.java,63,15,41,7,0,1794,40
Java,/core/src/main/java/com/opensymphony/xwork2/conversion/TypeConverter.java,TypeConverter.java,64,9,51,4,0,3246,58
Java,/core/src/main/java/com/opensymphony/xwork2/conversion/TypeConverterCreator.java,TypeConverterCreator.java,17,4,10,3,0,491,15
Java,/core/src/main/java/com/opensymphony/xwork2/conversion/TypeConverterHolder.java,TypeConverterHolder.java,82,13,57,12,0,2470,44
Java,/plugins/embeddedjsp/src/main/java/org/apache/struts2/jasper/xmlparser/UCSReader.java,UCSReader.java,301,125,151,25,39,11219,211
Java,/core/src/main/java/org/apache/struts2/util/tomcat/buf/UDecoder.java,UDecoder.java,421,266,95,60,95,13780,244
Java,/core/src/main/java/org/apache/struts2/components/UIBean.java,UIBean.java,1270,629,481,160,171,42417,734
Java,/core/src/test/java/org/apache/struts2/components/UIBeanTest.java,UIBeanTest.java,167,106,24,37,0,6450,74
Java,/core/src/test/java/org/apache/struts2/components/UIComponentTest.java,UIComponentTest.java,521,411,42,68,0,17468,142
Properties File,/apps/showcase/src/main/resources/org/apache/struts2/showcase/UITagExample-conversion.properties,UITagExample-conversion.properties,1,1,0,0,0,35,2
Java,/apps/showcase/src/main/java/org/apache/struts2/showcase/UITagExample.java,UITagExample.java,349,246,23,80,7,7702,188
Java,/apps/showcase/src/test/java/it/org/apache/struts2/showcase/UITagExampleTest.java,UITagExampleTest.java,55,25,26,4,0,1949,50
Java,/core/src/main/java/org/apache/struts2/components/URL.java,URL.java,226,104,95,27,0,9101,157
Java,/core/src/main/java/org/apache/struts2/util/URLBean.java,URLBean.java,104,57,28,19,14,2955,71
Java,/core/src/main/java/org/apache/struts2/util/URLDecoderUtil.java,URLDecoderUtil.java,34,10,19,5,0,1335,22
Java,/core/src/test/java/org/apache/struts2/util/URLDecoderUtilTest.java,URLDecoderUtilTest.java,78,57,2,19,0,2105,41
Java,/core/src/main/java/org/apache/struts2/views/velocity/components/URLDirective.java,URLDirective.java,43,14,23,6,0,1395,34
Java,/core/src/main/java/org/apache/struts2/views/freemarker/tags/URLModel.java,URLModel.java,43,14,23,6,0,1378,34
Java,/core/src/main/java/org/apache/struts2/views/jsp/URLTag.java,URLTag.java,143,94,23,26,8,4164,98
Java,/core/src/test/java/org/apache/struts2/views/jsp/URLTagTest.java,URLTagTest.java,805,536,102,167,2,26438,396
Java,/core/src/main/java/com/opensymphony/xwork2/validator/validators/URLValidator.java,URLValidator.java,115,57,43,15,10,4424,91
Java,/core/src/test/java/com/opensymphony/xwork2/validator/URLValidatorTest.java,URLValidatorTest.java,245,161,29,55,0,9164,125
Java,/plugins/embeddedjsp/src/main/java/org/apache/struts2/jasper/xmlparser/UTF8Reader.java,UTF8Reader.java,635,397,178,60,121,21782,333
Java,/core/src/main/java/com/opensymphony/xwork2/Unchainable.java,Unchainable.java,25,3,20,2,0,883,21
Java,/core/src/main/java/com/opensymphony/xwork2/UnknownHandler.java,UnknownHandler.java,63,7,50,6,0,2499,48
Java,/core/src/main/java/com/opensymphony/xwork2/config/entities/UnknownHandlerConfig.java,UnknownHandlerConfig.java,43,20,15,8,0,1240,30
Java,/core/src/main/java/com/opensymphony/xwork2/factory/UnknownHandlerFactory.java,UnknownHandlerFactory.java,24,6,13,5,0,765,18
Java,/core/src/main/java/com/opensymphony/xwork2/UnknownHandlerManager.java,UnknownHandlerManager.java,47,10,28,9,0,1677,36
Java,/core/src/test/java/com/opensymphony/xwork2/UnknownHandlerManagerMock.java,UnknownHandlerManagerMock.java,15,9,4,2,2,460,14
Java,/core/src/test/java/com/opensymphony/xwork2/util/UnknownHandlerManagerTest.java,UnknownHandlerManagerTest.java,87,62,6,19,0,3421,54
Java,/core/src/main/java/org/apache/struts2/components/UpDownSelect.java,UpDownSelect.java,220,113,65,42,20,7198,145
Java,/core/src/main/java/org/apache/struts2/views/velocity/components/UpDownSelectDirective.java,UpDownSelectDirective.java,45,14,24,7,0,1444,34
Java,/core/src/main/java/org/apache/struts2/views/freemarker/tags/UpDownSelectModel.java,UpDownSelectModel.java,46,14,24,8,0,1428,34
Java,/core/src/main/java/org/apache/struts2/views/jsp/ui/UpDownSelectTag.java,UpDownSelectTag.java,124,64,23,37,0,3117,72
Java,/core/src/test/java/org/apache/struts2/views/jsp/ui/UpDownSelectTagTest.java,UpDownSelectTagTest.java,270,191,25,54,0,8344,99
Java,/apps/showcase/src/main/java/org/apache/struts2/showcase/exception/UpdateException.java,UpdateException.java,44,13,23,8,0,1240,32
Java,/core/src/main/java/org/apache/struts2/dispatcher/multipart/UploadedFile.java,UploadedFile.java,39,9,21,9,0,1125,29
Java,/core/src/main/java/org/apache/struts2/conversion/UploadedFileConverter.java,UploadedFileConverter.java,61,33,18,10,7,2368,50
Java,/core/src/test/java/org/apache/struts2/conversion/UploadedFileConverterTest.java,UploadedFileConverterTest.java,70,50,6,14,0,2212,44
Java,/plugins/embeddedjsp/src/main/java/org/apache/struts2/jasper/tagplugins/jstl/core/Url.java,Url.java,101,56,27,18,3,4361,84
Java,/core/src/main/java/org/apache/struts2/views/util/UrlHelper.java,UrlHelper.java,39,18,9,12,0,1501,24
Java,/core/src/main/java/org/apache/struts2/components/UrlProvider.java,UrlProvider.java,135,55,32,48,0,3936,87
Java,/core/src/main/java/org/apache/struts2/components/UrlRenderer.java,UrlRenderer.java,56,9,38,9,0,1744,40
Java,/core/src/main/java/com/opensymphony/xwork2/util/finder/UrlSet.java,UrlSet.java,284,178,69,37,25,9709,167
Java,/core/src/test/java/com/opensymphony/xwork2/util/UrlUtilTest2.java,UrlUtilTest2.java,35,24,4,7,0,1151,28
Java,/core/src/main/java/com/opensymphony/xwork2/validator/annotations/UrlValidator.java,UrlValidator.java,79,17,51,11,0,2412,51
Properties File,/core/src/test/resources/com/opensymphony/xwork2/test/User-conversion.properties,User-conversion.properties,2,2,0,0,0,69,3
XML,/apps/showcase/src/main/resources/org/apache/struts2/showcase/validation/User-userContext-validation.xml,User-userContext-validation.xml,27,23,0,4,0,666,21
XML,/core/src/test/resources/org/apache/struts2/views/jsp/ui/User-validation.xml,User-validation.xml,8,8,0,0,0,331,9
XML,/core/src/test/resources/com/opensymphony/xwork2/test/User-validation.xml,User-validation.xml,38,34,0,4,0,1471,25
Java,/apps/showcase/src/main/java/org/apache/struts2/showcase/validation/User.java,User.java,58,25,22,11,0,1325,40
Java,/core/src/test/java/org/apache/struts2/views/jsp/ui/User.java,User.java,43,12,22,9,0,1077,30
Java,/core/src/test/java/com/opensymphony/xwork2/test/User.java,User.java,85,48,20,17,0,1816,55
Java,/apps/showcase/src/main/java/org/apache/struts2/showcase/chat/User.java,User.java,49,18,23,8,0,1350,37
Properties File,/core/src/test/resources/org/apache/struts2/views/jsp/ui/User.properties,User.properties,1,1,0,0,0,30,2
XML,/core/src/test/resources/com/opensymphony/xwork2/test/UserMarker-validation.xml,UserMarker-validation.xml,17,17,0,0,0,738,15
Java,/core/src/test/java/com/opensymphony/xwork2/test/UserMarker.java,UserMarker.java,25,3,20,2,0,787,21
Java,/core/src/test/java/com/opensymphony/xwork2/UserSpecifiedDefaultAction.java,UserSpecifiedDefaultAction.java,10,3,6,1,0,239,10
Java,/apps/showcase/src/main/java/org/apache/struts2/showcase/chat/UsersAvailableAction.java,UsersAvailableAction.java,49,19,20,10,0,1450,36
Java,/apps/showcase/src/main/java/org/apache/struts2/showcase/chat/UsersAvailableInRoomAction.java,UsersAvailableInRoomAction.java,63,30,20,13,0,1740,45
Java,/core/src/main/java/org/apache/struts2/util/tomcat/buf/Utf8Decoder.java,Utf8Decoder.java,293,217,65,11,71,13377,200
Java,/plugins/embeddedjsp/src/main/java/org/apache/struts2/jasper/tagplugins/jstl/Util.java,Util.java,360,274,58,28,27,12156,252
Java,/core/src/main/java/com/opensymphony/xwork2/util/profiling/UtilTimerStack.java,UtilTimerStack.java,470,79,367,24,17,15229,280
Java,/core/src/test/java/com/opensymphony/xwork2/util/profiling/UtilTimerStackTest.java,UtilTimerStackTest.java,133,83,19,31,6,3920,85
Java,/core/src/test/java/com/opensymphony/xwork2/test/annotations/ValidateAnnotatedMethodOnlyAction.java,ValidateAnnotatedMethodOnlyAction.java,55,37,8,10,0,1283,36
Java,/core/src/main/java/com/opensymphony/xwork2/Validateable.java,Validateable.java,33,4,25,4,0,972,27
Java,/core/src/main/java/com/opensymphony/xwork2/validator/annotations/Validation.java,Validation.java,138,10,124,4,0,5668,106
Java,/core/src/test/java/com/opensymphony/xwork2/validator/validators/ValidationAction.java,ValidationAction.java,136,102,0,34,0,2930,76
Java,/core/src/main/java/com/opensymphony/xwork2/interceptor/ValidationAware.java,ValidationAware.java,128,19,93,16,0,4063,72
Java,/core/src/main/java/com/opensymphony/xwork2/ValidationAwareSupport.java,ValidationAwareSupport.java,181,90,60,31,15,5126,100
Java,/core/src/main/java/com/opensymphony/xwork2/interceptor/ValidationErrorAware.java,ValidationErrorAware.java,38,4,30,4,0,1393,30
Java,/core/src/test/java/com/opensymphony/xwork2/interceptor/ValidationErrorAwareTest.java,ValidationErrorAwareTest.java,102,74,6,22,0,3761,67
Java,/core/src/main/java/com/opensymphony/xwork2/validator/ValidationException.java,ValidationException.java,44,11,28,5,0,1236,33
Java,/plugins/oval/src/test/java/org/apache/struts2/oval/interceptor/ValidationInMethods.java,ValidationInMethods.java,52,26,21,5,0,1568,35
Java,/core/src/main/java/com/opensymphony/xwork2/validator/ValidationInterceptor.java,ValidationInterceptor.java,293,81,185,27,9,11216,187
Java,/core/src/test/java/com/opensymphony/xwork2/interceptor/ValidationInterceptorPrefixMethodInvocationTest.java,ValidationInterceptorPrefixMethodInvocationTest.java,107,67,21,19,0,3646,78
XML,/core/src/test/resources/com/opensymphony/xwork2/ValidationOrderAction-validation.xml,ValidationOrderAction-validation.xml,89,75,0,14,0,2231,42
Java,/core/src/test/java/com/opensymphony/xwork2/ValidationOrderAction.java,ValidationOrderAction.java,189,91,21,77,0,2865,86
Java,/core/src/main/java/com/opensymphony/xwork2/validator/annotations/ValidationParameter.java,ValidationParameter.java,83,11,66,6,0,2460,63
Java,/core/src/test/java/org/apache/struts2/views/jsp/ui/ValidationStylesTest.java,ValidationStylesTest.java,85,51,20,14,0,2862,52
Java,/apps/showcase/src/test/java/it/org/apache/struts2/showcase/ValidationTest.java,ValidationTest.java,46,22,20,4,0,2077,41
Java,/core/src/main/java/com/opensymphony/xwork2/interceptor/ValidationWorkflowAware.java,ValidationWorkflowAware.java,12,4,5,3,0,341,10
Java,/core/src/main/java/com/opensymphony/xwork2/validator/annotations/Validations.java,Validations.java,189,23,149,17,0,7540,122
Java,/plugins/embeddedjsp/src/main/java/org/apache/struts2/jasper/compiler/Validator.java,Validator.java,1803,1330,245,228,491,80373,1107
Java,/core/src/main/java/com/opensymphony/xwork2/validator/Validator.java,Validator.java,486,17,452,17,0,20508,316
Java,/core/src/test/java/com/opensymphony/xwork2/validator/ValidatorAnnotationTest.java,ValidatorAnnotationTest.java,119,80,8,31,0,4657,51
Java,/core/src/main/java/com/opensymphony/xwork2/validator/ValidatorConfig.java,ValidatorConfig.java,170,97,49,24,10,4691,102
Java,/plugins/bean-validation/src/main/java/org/apache/struts/beanvalidation/validation/constant/ValidatorConstants.java,ValidatorConstants.java,41,10,28,3,0,1699,35
Java,/core/src/main/java/com/opensymphony/xwork2/validator/ValidatorContext.java,ValidatorContext.java,38,7,27,4,0,1405,32
Java,/core/src/main/java/com/opensymphony/xwork2/factory/ValidatorFactory.java,ValidatorFactory.java,25,6,14,5,0,861,19
Java,/core/src/main/java/com/opensymphony/xwork2/validator/ValidatorFactory.java,ValidatorFactory.java,237,6,227,4,0,10685,181
Java,/core/src/main/java/com/opensymphony/xwork2/validator/ValidatorFileParser.java,ValidatorFileParser.java,48,8,37,3,0,1595,40
Java,/core/src/main/java/com/opensymphony/xwork2/validator/validators/ValidatorSupport.java,ValidatorSupport.java,205,126,40,39,21,6089,130
Java,/core/src/test/java/com/opensymphony/xwork2/validator/validators/ValidatorSupportTest.java,ValidatorSupportTest.java,53,28,19,6,0,1942,44
Java,/core/src/main/java/com/opensymphony/xwork2/validator/annotations/ValidatorType.java,ValidatorType.java,34,8,21,5,0,925,28
Java,/plugins/embeddedjsp/src/main/java/org/apache/struts2/el/ValueExpressionImpl.java,ValueExpressionImpl.java,267,114,126,27,8,8875,172
Java,/plugins/embeddedjsp/src/main/java/org/apache/struts2/el/ValueExpressionLiteral.java,ValueExpressionLiteral.java,113,73,16,24,16,3475,74
Java,/core/src/main/java/com/opensymphony/xwork2/util/ValueStack.java,ValueStack.java,159,25,112,22,0,5999,88
Java,/plugins/jasperreports/src/main/java/org/apache/struts2/views/jasperreports/ValueStackDataSource.java,ValueStackDataSource.java,159,79,61,19,24,5695,104
Java,/core/src/main/java/com/opensymphony/xwork2/util/ValueStackFactory.java,ValueStackFactory.java,38,5,29,4,0,1283,28
Java,/plugins/jasperreports/src/main/java/org/apache/struts2/views/jasperreports/ValueStackShadowMap.java,ValueStackShadowMap.java,94,28,49,17,6,2578,61
Java,/core/src/main/java/com/opensymphony/xwork2/config/providers/ValueSubstitutor.java,ValueSubstitutor.java,25,4,18,3,0,792,20
Java,/plugins/embeddedjsp/src/main/java/org/apache/struts2/el/lang/VariableMapperFactory.java,VariableMapperFactory.java,53,29,16,8,6,1881,41
Java,/plugins/embeddedjsp/src/main/java/org/apache/struts2/el/lang/VariableMapperImpl.java,VariableMapperImpl.java,56,29,16,11,0,1903,41
Java,/plugins/embeddedjsp/src/main/java/org/apache/struts2/jasper/el/VariableResolverImpl.java,VariableResolverImpl.java,35,13,16,6,0,1269,29
Java,/plugins/osgi/src/main/java/org/apache/struts2/osgi/loaders/VelocityBundleResourceLoader.java,VelocityBundleResourceLoader.java,52,21,23,8,5,1764,40
Java,/plugins/sitemesh/src/main/java/org/apache/struts2/sitemesh/VelocityDecoratorServlet.java,VelocityDecoratorServlet.java,199,98,77,24,10,8494,147
Java,/core/src/main/java/org/apache/struts2/views/velocity/VelocityManager.java,VelocityManager.java,587,320,189,78,75,22765,371
Java,/plugins/sitemesh/src/main/java/org/apache/struts2/sitemesh/VelocityMapper2DecoratorSelector.java,VelocityMapper2DecoratorSelector.java,64,30,26,8,5,2707,54
Java,/plugins/sitemesh/src/main/java/org/apache/struts2/sitemesh/VelocityPageFilter.java,VelocityPageFilter.java,59,25,24,10,0,2090,46
Java,/core/src/main/java/org/apache/struts2/result/VelocityResult.java,VelocityResult.java,241,101,109,31,12,9070,168
Java,/core/src/test/java/org/apache/struts2/result/VelocityResultTest.java,VelocityResultTest.java,149,94,23,32,0,5218,96
Java,/core/src/main/java/org/apache/struts2/util/VelocityStrutsUtil.java,VelocityStrutsUtil.java,61,25,24,12,0,2088,45
Java,/core/src/main/java/org/apache/struts2/components/template/VelocityTemplateEngine.java,VelocityTemplateEngine.java,107,63,28,16,8,3934,86
Java,/plugins/sitegraph/src/main/java/org/apache/struts2/sitegraph/entities/VelocityView.java,VelocityView.java,41,14,22,5,0,1301,32
Java,/plugins/sitegraph/src/main/java/org/apache/struts2/sitegraph/entities/View.java,View.java,47,9,33,5,0,1338,37
Java,/plugins/junit/src/test/java/actions/ViewAction.java,ViewAction.java,40,12,23,5,0,1198,32
Java,/plugins/sitegraph/src/main/java/org/apache/struts2/sitegraph/model/ViewNode.java,ViewNode.java,34,9,22,3,0,1052,28
Java,/apps/showcase/src/main/java/org/apache/struts2/showcase/source/ViewSourceAction.java,ViewSourceAction.java,235,131,69,35,36,5463,145
Java,/core/src/main/java/com/opensymphony/xwork2/validator/annotations/VisitorFieldValidator.java,VisitorFieldValidator.java,165,16,139,10,0,6913,107
Java,/core/src/main/java/com/opensymphony/xwork2/validator/validators/VisitorFieldValidator.java,VisitorFieldValidator.java,221,105,84,32,15,8122,151
Java,/core/src/test/java/com/opensymphony/xwork2/validator/VisitorFieldValidatorModelTest.java,VisitorFieldValidatorModelTest.java,124,67,26,31,0,4585,77
Java,/core/src/test/java/com/opensymphony/xwork2/validator/VisitorFieldValidatorTest.java,VisitorFieldValidatorTest.java,212,135,31,46,0,8152,111
XML,/core/src/test/resources/com/opensymphony/xwork2/validator/VisitorValidatorModelAction-validation.xml,VisitorValidatorModelAction-validation.xml,9,9,0,0,0,354,10
Java,/core/src/test/java/com/opensymphony/xwork2/validator/VisitorValidatorModelAction.java,VisitorValidatorModelAction.java,35,7,24,4,0,1099,29
XML,/core/src/test/resources/com/opensymphony/xwork2/validator/VisitorValidatorTestAction-beanMessageBundle-validation.xml,VisitorValidatorTestAction-beanMessageBundle-validation.xml,8,8,0,0,0,299,9
XML,/core/src/test/resources/com/opensymphony/xwork2/validator/VisitorValidatorTestAction-validateArray-validation.xml,VisitorValidatorTestAction-validateArray-validation.xml,8,8,0,0,0,317,9
XML,/core/src/test/resources/com/opensymphony/xwork2/validator/VisitorValidatorTestAction-validateList-validation.xml,VisitorValidatorTestAction-validateList-validation.xml,8,8,0,0,0,315,9
XML,/core/src/test/resources/com/opensymphony/xwork2/validator/VisitorValidatorTestAction-validation.xml,VisitorValidatorTestAction-validation.xml,8,8,0,0,0,328,9
XML,/core/src/test/resources/com/opensymphony/xwork2/validator/VisitorValidatorTestAction-visitorChildValidation-validation.xml,VisitorValidatorTestAction-visitorChildValidation-validation.xml,8,8,0,0,0,299,9
XML,/core/src/test/resources/com/opensymphony/xwork2/validator/VisitorValidatorTestAction-visitorValidation-validation.xml,VisitorValidatorTestAction-visitorValidation-validation.xml,8,8,0,0,0,299,9
XML,/core/src/test/resources/com/opensymphony/xwork2/validator/VisitorValidatorTestAction-visitorValidationAlias-validation.xml,VisitorValidatorTestAction-visitorValidationAlias-validation.xml,9,9,0,0,0,356,10
Java,/core/src/test/java/com/opensymphony/xwork2/validator/VisitorValidatorTestAction.java,VisitorValidatorTestAction.java,80,42,21,17,1,2063,53
Properties File,/core/src/test/resources/com/opensymphony/xwork2/validator/VisitorValidatorTestAction.properties,VisitorValidatorTestAction.properties,1,1,0,0,0,90,2
XML,/apps/showcase/src/main/resources/org/apache/struts2/showcase/validation/VisitorValidatorsExampleAction-submitVisitorValidatorsExamples-validation.xml,VisitorValidatorsExampleAction-submitVisitorValidatorsExamples-validation.xml,20,13,2,5,0,514,17
Java,/apps/showcase/src/main/java/org/apache/struts2/showcase/validation/VisitorValidatorsExampleAction.java,VisitorValidatorsExampleAction.java,42,11,22,9,0,1235,31
Java,/apps/showcase/src/main/java/org/apache/struts2/showcase/hangman/Vocab.java,Vocab.java,91,54,20,17,6,2568,67
Java,/apps/showcase/src/main/java/org/apache/struts2/showcase/hangman/VocabSource.java,VocabSource.java,25,4,20,1,0,922,23
Java,/plugins/bean-validation/src/test/java/org/apache/struts/beanvalidation/VoidResult.java,VoidResult.java,29,7,20,2,0,1074,26
Java,/plugins/oval/src/test/java/org/apache/struts2/oval/interceptor/VoidResult.java,VoidResult.java,29,7,20,2,0,1077,26
Java,/core/src/test/java/com/opensymphony/xwork2/VoidResult.java,VoidResult.java,38,16,17,5,2,1024,28
XML,/core/src/test/resources/org/apache/struts2/views/jsp/WW3090-struts.xml,WW3090-struts.xml,35,8,23,4,0,1237,30
Java,/plugins/embeddedjsp/src/main/java/org/apache/struts2/jasper/tagplugins/jstl/core/When.java,When.java,50,21,22,7,4,1996,43
Java,/core/src/test/java/com/opensymphony/xwork2/WildCardResultTest.java,WildCardResultTest.java,57,26,22,9,0,2225,42
Java,/core/src/main/java/com/opensymphony/xwork2/util/WildcardHelper.java,WildcardHelper.java,463,206,190,67,88,15498,266
Java,/core/src/test/java/com/opensymphony/xwork2/util/WildcardHelperTest.java,WildcardHelperTest.java,56,29,17,10,0,2337,40
Java,/core/src/main/java/com/opensymphony/xwork2/util/WildcardUtil.java,WildcardUtil.java,68,31,28,9,12,2032,50
Java,/core/src/test/java/com/opensymphony/xwork2/util/WildcardUtilTest.java,WildcardUtilTest.java,56,29,17,10,0,1858,44
Java,/core/src/main/java/com/opensymphony/xwork2/interceptor/WithLazyParams.java,WithLazyParams.java,63,43,8,12,1,2251,45
Java,/plugins/json/src/test/java/org/apache/struts2/json/WrapperClassBean.java,WrapperClassBean.java,181,124,20,37,0,4761,110
Java,/plugins/javatemplates/src/main/java/org/apache/struts2/views/java/XHTMLTagSerializer.java,XHTMLTagSerializer.java,73,39,23,11,3,2243,53
Java,/plugins/embeddedjsp/src/main/java/org/apache/struts2/jasper/xmlparser/XMLChar.java,XMLChar.java,1038,760,229,49,76,51879,865
Java,/plugins/embeddedjsp/src/main/java/org/apache/struts2/jasper/xmlparser/XMLEncodingDetector.java,XMLEncodingDetector.java,1658,1051,477,130,385,62580,990
Java,/plugins/embeddedjsp/src/main/java/org/apache/struts2/jasper/xmlparser/XMLString.java,XMLString.java,204,58,124,22,14,6448,129
Java,/plugins/embeddedjsp/src/main/java/org/apache/struts2/jasper/xmlparser/XMLStringBuffer.java,XMLStringBuffer.java,201,68,115,18,5,5683,122
Plain Text,/plugins/rest/src/main/resources/XPP3-LICENSE.txt,XPP3-LICENSE.txt,46,35,0,11,0,2191,36
Java,/core/src/main/java/org/apache/struts2/views/xslt/XSLTResult.java,XSLTResult.java,284,180,43,61,22,9648,186
XML,/core/src/test/resources/XSLTResultTest-val.xml,XSLTResultTest-val.xml,38,16,22,0,0,2301,37
Extensible Stylesheet Language Transformations,/core/src/test/resources/XSLTResultTest.bad.character.xsl,XSLTResultTest.bad.character.xsl,30,28,0,2,0,1133,28
Java,/core/src/test/java/org/apache/struts2/views/xslt/XSLTResultTest.java,XSLTResultTest.java,329,252,24,53,0,12062,175
Extensible Stylesheet Language Transformations,/core/src/test/resources/XSLTResultTest.xsl,XSLTResultTest.xsl,31,29,0,2,0,1068,28
Extensible Stylesheet Language Transformations,/core/src/test/resources/XSLTResultTest2.xsl,XSLTResultTest2.xsl,35,33,0,2,0,1194,32
Extensible Stylesheet Language Transformations,/core/src/test/resources/XSLTResultTest3.xsl,XSLTResultTest3.xsl,42,40,0,2,0,1495,39
Extensible Stylesheet Language Transformations,/core/src/test/resources/XSLTResultTest4.badinclude.xsl,XSLTResultTest4.badinclude.xsl,31,29,0,2,0,1130,28
Extensible Stylesheet Language Transformations,/core/src/test/resources/XSLTResultTest4.xsl,XSLTResultTest4.xsl,31,29,0,2,0,1122,28
Extensible Stylesheet Language Transformations,/core/src/test/resources/XSLTResultTest5.xsl,XSLTResultTest5.xsl,36,34,0,2,0,1258,33
Extensible Stylesheet Language Transformations,/core/src/test/resources/XSLTResultTest6.xsl,XSLTResultTest6.xsl,40,39,0,1,0,1644,39
Plain Text,/plugins/oval/src/main/resources/XSTREAM-LICENSE.txt,XSTREAM-LICENSE.txt,26,22,0,4,0,1506,23
Plain Text,/plugins/rest/src/main/resources/XSTREAM-LICENSE.txt,XSTREAM-LICENSE.txt,26,22,0,4,0,1506,23
Java,/plugins/rest/src/main/java/org/apache/struts2/rest/handler/XStreamHandler.java,XStreamHandler.java,59,27,23,9,2,1676,45
Properties File,/core/src/test/resources/com/opensymphony/xwork2/util/XW404_de.properties,XW404_de.properties,3,1,1,1,0,105,3
Properties File,/core/src/test/resources/com/opensymphony/xwork2/util/XW404_fr.properties,XW404_fr.properties,3,1,1,1,0,107,3
Plain Text,/core/src/main/resources/XWORK-LICENSE.txt,XWORK-LICENSE.txt,51,50,0,1,0,2567,43
Java,/core/src/main/java/com/opensymphony/xwork2/XWork.java,XWork.java,79,34,35,10,0,2675,58
Java,/core/src/main/java/com/opensymphony/xwork2/conversion/impl/XWorkBasicConverter.java,XWorkBasicConverter.java,216,135,57,24,61,9005,150
Java,/core/src/test/java/com/opensymphony/xwork2/conversion/impl/XWorkBasicConverterTest.java,XWorkBasicConverterTest.java,260,147,60,53,0,10105,148
Java,/core/src/main/java/com/opensymphony/xwork2/ognl/accessor/XWorkCollectionPropertyAccessor.java,XWorkCollectionPropertyAccessor.java,310,187,75,48,36,11360,213
Java,/core/src/main/java/com/opensymphony/xwork2/config/providers/XWorkConfigurationProvider.java,XWorkConfigurationProvider.java,204,181,1,22,0,12910,179
Java,/core/src/main/java/com/opensymphony/xwork2/XWorkConstants.java,XWorkConstants.java,31,22,3,6,0,1659,26
Java,/core/src/main/java/com/opensymphony/xwork2/conversion/impl/XWorkConverter.java,XWorkConverter.java,608,342,177,89,96,25166,373
Java,/core/src/test/java/com/opensymphony/xwork2/conversion/impl/XWorkConverterTest.java,XWorkConverterTest.java,724,541,58,125,5,39736,455
Java,/core/src/main/java/com/opensymphony/xwork2/ognl/accessor/XWorkEnumerationAccessor.java,XWorkEnumerationAccessor.java,36,12,18,6,0,1158,28
Java,/core/src/main/java/com/opensymphony/xwork2/XWorkException.java,XWorkException.java,142,50,74,18,12,4050,83
Java,/core/src/test/java/com/opensymphony/xwork2/XWorkExceptionTest.java,XWorkExceptionTest.java,81,51,15,15,0,3135,48
Java,/core/src/main/java/com/opensymphony/xwork2/ognl/accessor/XWorkIteratorPropertyAccessor.java,XWorkIteratorPropertyAccessor.java,36,12,18,6,0,1157,28
Java,/core/src/main/java/com/opensymphony/xwork2/XWorkJUnit4TestCase.java,XWorkJUnit4TestCase.java,79,54,15,10,0,3107,61
Java,/core/src/main/java/com/opensymphony/xwork2/util/XWorkList.java,XWorkList.java,248,102,115,31,14,8367,128
Java,/core/src/main/java/com/opensymphony/xwork2/ognl/accessor/XWorkListPropertyAccessor.java,XWorkListPropertyAccessor.java,186,132,28,26,28,7201,127
Java,/core/src/test/java/com/opensymphony/xwork2/ognl/accessor/XWorkListPropertyAccessorTest.java,XWorkListPropertyAccessorTest.java,49,32,6,11,0,1624,34
Java,/core/src/test/java/com/opensymphony/xwork2/util/XWorkListTest.java,XWorkListTest.java,86,50,23,13,0,2807,55
Java,/core/src/main/java/com/opensymphony/xwork2/ognl/accessor/XWorkMapPropertyAccessor.java,XWorkMapPropertyAccessor.java,160,103,31,26,25,5887,116
Java,/core/src/main/java/com/opensymphony/xwork2/ognl/accessor/XWorkMapPropertyAccessorTest.java,XWorkMapPropertyAccessorTest.java,54,44,0,10,0,1918,35
Java,/core/src/main/java/com/opensymphony/xwork2/ognl/accessor/XWorkMethodAccessor.java,XWorkMethodAccessor.java,136,83,37,16,23,5812,100
Java,/core/src/main/java/com/opensymphony/xwork2/ognl/accessor/XWorkObjectPropertyAccessor.java,XWorkObjectPropertyAccessor.java,41,16,22,3,0,1616,36
Java,/core/src/main/java/com/opensymphony/xwork2/XWorkTestCase.java,XWorkTestCase.java,90,56,21,13,0,3349,68
Java,/core/src/main/java/com/opensymphony/xwork2/util/XWorkTestCaseHelper.java,XWorkTestCaseHelper.java,93,56,23,14,4,3998,69
Java,/core/src/main/java/com/opensymphony/xwork2/ognl/XWorkTypeConverterWrapper.java,XWorkTypeConverterWrapper.java,38,14,18,6,0,1317,30
Java,/core/src/main/java/com/opensymphony/xwork2/config/providers/XmlConfigurationProvider.java,XmlConfigurationProvider.java,1162,844,134,184,175,50669,729
Java,/core/src/test/java/com/opensymphony/xwork2/config/providers/XmlConfigurationProviderActionsTest.java,XmlConfigurationProviderActionsTest.java,218,139,35,44,0,9262,123
Java,/core/src/test/java/com/opensymphony/xwork2/config/providers/XmlConfigurationProviderAllowedMethodsTest.java,XmlConfigurationProviderAllowedMethodsTest.java,160,116,22,22,0,7127,59
Java,/core/src/test/java/com/opensymphony/xwork2/config/providers/XmlConfigurationProviderEnvsSubstitutionTest.java,XmlConfigurationProviderEnvsSubstitutionTest.java,52,26,15,11,0,2173,40
Java,/core/src/test/java/com/opensymphony/xwork2/config/providers/XmlConfigurationProviderExceptionMappingsTest.java,XmlConfigurationProviderExceptionMappingsTest.java,65,45,7,13,0,2685,52
Java,/core/src/test/java/com/opensymphony/xwork2/config/providers/XmlConfigurationProviderGlobalResultInheritenceTest.java,XmlConfigurationProviderGlobalResultInheritenceTest.java,53,34,7,12,4,2836,42
Java,/core/src/test/java/com/opensymphony/xwork2/config/providers/XmlConfigurationProviderInterceptorParamOverridingTest.java,XmlConfigurationProviderInterceptorParamOverridingTest.java,102,67,19,16,0,5204,83
Java,/core/src/test/java/com/opensymphony/xwork2/config/providers/XmlConfigurationProviderInterceptorStackParamOverridingTest.java,XmlConfigurationProviderInterceptorStackParamOverridingTest.java,90,68,6,16,0,4650,75
Java,/core/src/test/java/com/opensymphony/xwork2/config/providers/XmlConfigurationProviderInterceptorsSpringTest.java,XmlConfigurationProviderInterceptorsSpringTest.java,80,33,30,17,0,3040,60
Java,/core/src/test/java/com/opensymphony/xwork2/config/providers/XmlConfigurationProviderInterceptorsTest.java,XmlConfigurationProviderInterceptorsTest.java,226,133,40,53,0,11500,138
Java,/core/src/test/java/com/opensymphony/xwork2/config/providers/XmlConfigurationProviderInvalidFileTest.java,XmlConfigurationProviderInvalidFileTest.java,40,13,22,5,0,1387,33
Java,/core/src/test/java/com/opensymphony/xwork2/config/providers/XmlConfigurationProviderMultilevelTest.java,XmlConfigurationProviderMultilevelTest.java,70,30,32,8,0,3146,60
Java,/core/src/test/java/com/opensymphony/xwork2/config/providers/XmlConfigurationProviderPackagesTest.java,XmlConfigurationProviderPackagesTest.java,157,103,30,24,0,7803,115
Java,/core/src/test/java/com/opensymphony/xwork2/config/providers/XmlConfigurationProviderResultTypesTest.java,XmlConfigurationProviderResultTypesTest.java,119,76,21,22,0,5522,92
Java,/core/src/test/java/com/opensymphony/xwork2/config/providers/XmlConfigurationProviderResultsTest.java,XmlConfigurationProviderResultsTest.java,175,108,31,36,0,7691,99
Java,/core/src/test/java/com/opensymphony/xwork2/config/providers/XmlConfigurationProviderTest.java,XmlConfigurationProviderTest.java,217,155,16,46,3,9978,154
Java,/core/src/test/java/com/opensymphony/xwork2/config/providers/XmlConfigurationProviderUnknownHandlerStackTest.java,XmlConfigurationProviderUnknownHandlerStackTest.java,40,31,0,9,0,1850,27
Java,/core/src/test/java/com/opensymphony/xwork2/config/providers/XmlConfigurationProviderWildCardIncludeTest.java,XmlConfigurationProviderWildCardIncludeTest.java,52,25,15,12,0,2133,41
Java,/core/src/main/java/com/opensymphony/xwork2/config/providers/XmlHelper.java,XmlHelper.java,141,56,71,14,16,4411,99
Java,/core/src/test/java/com/opensymphony/xwork2/config/providers/XmlHelperTest.java,XmlHelperTest.java,185,96,17,72,0,6613,108
Freemarker Template,/core/src/main/resources/template/simple/a-close.ftl,a-close.ftl,45,23,22,0,6,1565,38
Freemarker Template,/core/src/main/resources/template/simple/a.ftl,a.ftl,22,0,22,0,0,826,20
HTML,/core/src/site/resources/tags/a.html,a.html,504,493,8,3,0,21331,162
HTML,/core/src/site/resources/tags/ajax/a.html,a.html,560,549,8,3,0,24389,180
HTML,/core/src/site/resources/tags/action.html,action.html,96,85,8,3,0,3695,58
JavaServer Pages,/apps/showcase/src/main/webapp/WEB-INF/actionchaining/actionChainingResult.jsp,actionChainingResult.jsp,23,20,0,3,0,636,20
XML,/core/src/test/resources/com/opensymphony/xwork2/spring/actionContext-spring.xml,actionContext-spring.xml,43,34,2,7,0,1888,30
XML,/core/src/test/resources/com/opensymphony/xwork2/spring/actionContext-xwork.xml,actionContext-xwork.xml,23,18,0,5,0,1002,20
Freemarker Template,/plugins/config-browser/src/main/resources/config-browser/actionNames.ftl,actionNames.ftl,44,22,22,0,4,1483,41
Freemarker Template,/apps/showcase/src/main/webapp/WEB-INF/tags/non-ui/actionPrefix/actionPrefix.ftl,actionPrefix.ftl,25,19,0,6,0,567,19
Freemarker Template,/apps/showcase/src/main/webapp/WEB-INF/tags/non-ui/actionPrefix/actionPrefixExample.ftl,actionPrefixExample.ftl,54,38,0,16,0,1815,38
JavaServer Pages,/apps/showcase/src/main/webapp/WEB-INF/tags/ui/actionTagExampleCalled.jsp,actionTagExampleCalled.jsp,2,2,0,0,0,77,2
JavaServer Pages,/apps/showcase/src/main/webapp/WEB-INF/tags/ui/actionTagExampleCalling.jsp,actionTagExampleCalling.jsp,24,23,0,1,0,542,23
Plain Text,/core/src/test/resources/org/apache/struts2/views/jsp/ui/actionerror-1.txt,actionerror-1.txt,0,0,0,0,0,0,0
Plain Text,/core/src/test/resources/org/apache/struts2/views/jsp/ui/actionerror-2.txt,actionerror-2.txt,5,5,0,0,0,179,6
Freemarker Template,/core/src/main/resources/template/simple/actionerror.ftl,actionerror.ftl,43,21,22,0,7,1346,39
Freemarker Template,/apps/showcase/src/main/resources/template/ajaxErrorContainers/actionerror.ftl,actionerror.ftl,46,21,25,0,7,1421,40
HTML,/core/src/site/resources/tags/actionerror.html,actionerror.html,392,381,8,3,0,16498,133
Plain Text,/core/src/test/resources/org/apache/struts2/views/jsp/ui/actionmessage-1.txt,actionmessage-1.txt,0,0,0,0,0,0,0
Plain Text,/core/src/test/resources/org/apache/struts2/views/jsp/ui/actionmessage-2.txt,actionmessage-2.txt,5,5,0,0,0,186,6
Freemarker Template,/core/src/main/resources/template/simple/actionmessage.ftl,actionmessage.ftl,43,21,22,0,7,1384,38
HTML,/core/src/site/resources/tags/actionmessage.html,actionmessage.html,392,381,8,3,0,16503,133
JavaServer Pages,/apps/showcase/src/main/webapp/WEB-INF/validation/ajaxFormSubmit.jsp,ajaxFormSubmit.jsp,176,114,39,23,10,6041,138
JavaServer Pages,/apps/showcase/src/main/webapp/WEB-INF/validation/ajaxFormSubmitSuccess.jsp,ajaxFormSubmitSuccess.jsp,17,15,0,2,0,297,15
XML,/assembly/src/main/assembly/all.xml,all.xml,288,247,33,8,0,10668,157
CSS,/apps/rest-showcase/src/main/webapp/css/app.css,app.css,5,5,0,0,0,90,5
HTML,/core/src/site/resources/tags/append.html,append.html,48,37,8,3,0,1467,42
JavaServer Pages,/apps/showcase/src/main/webapp/WEB-INF/tags/non-ui/iteratorTag/appendIteratorTagDemoResult.jsp,appendIteratorTagDemoResult.jsp,34,29,0,5,0,947,29
XML,/bundles/demo/src/main/resources/META-INF/spring/applicationContext.xml,applicationContext.xml,13,10,0,3,0,678,12
XML,/apps/showcase/src/main/webapp/WEB-INF/applicationContext.xml,applicationContext.xml,121,93,9,19,0,5165,55
XML,/plugins/junit/src/test/resources/applicationContext.xml,applicationContext.xml,38,16,20,2,0,1678,35
XML,/assembly/src/main/assembly/apps.xml,apps.xml,79,56,22,1,0,2636,54
HTML,/core/src/site/resources/tags/ajax/autocompleter.html,autocompleter.html,672,661,8,3,0,28823,213
XML,/core/src/test/resources/com/opensymphony/xwork2/spring/autowireContext.xml,autowireContext.xml,6,5,0,1,0,259,6
Plain Text,/plugins/json/src/test/resources/org/apache/struts2/json/bad-1.txt,bad-1.txt,3,3,0,0,0,21,3
Plain Text,/plugins/json/src/test/resources/org/apache/struts2/json/bad-2.txt,bad-2.txt,2,2,0,0,0,19,3
Plain Text,/plugins/json/src/test/resources/org/apache/struts2/json/bad-3.txt,bad-3.txt,3,2,0,1,0,22,3
Plain Text,/plugins/json/src/test/resources/org/apache/struts2/json/bad-4.txt,bad-4.txt,1,1,0,0,0,6,1
Plain Text,/plugins/json/src/test/resources/org/apache/struts2/json/bad-5.txt,bad-5.txt,1,1,0,0,0,12,1
Plain Text,/plugins/json/src/test/resources/org/apache/struts2/json/bad-to-the-bone.txt,bad-to-the-bone.txt,0,0,0,0,0,0,0
XML,/plugins/bean-validation/src/test/resources/bean-validation-test.xml,bean-validation-test.xml,43,38,0,5,0,2034,30
JavaServer Pages,/apps/showcase/src/main/webapp/WEB-INF/bean-validation/bean-validation.jsp,bean-validation.jsp,57,48,0,9,0,2221,43
HTML,/core/src/site/resources/tags/bean.html,bean.html,56,45,8,3,0,1802,45
XML,/plugins/osgi/src/main/resources/beanRefContext.xml,beanRefContext.xml,11,11,0,0,0,442,12
JavaServer Pages,/plugins/embeddedjsp/src/test/resources/org/apache/struts2/beans.jsp,beans.jsp,2,2,0,0,0,129,3
XML,/plugins/cdi/src/test/resources/META-INF/beans.xml,beans.xml,1,1,0,0,0,15,1
HTML,/core/src/site/resources/tags/ajax/bind.html,bind.html,240,229,8,3,0,10256,97
Freemarker Template,/apps/showcase/src/main/webapp/WEB-INF/hangman/blank.ftl,blank.ftl,0,0,0,0,0,0,0
Freemarker Template,/apps/showcase/src/main/webapp/WEB-INF/tiles/body.ftl,body.ftl,16,14,0,2,0,457,15
JavaServer Pages,/apps/showcase/src/main/webapp/WEB-INF/tiles/body.jsp,body.jsp,27,24,0,3,0,742,21
CSS,/apps/rest-showcase/src/main/webapp/css/bootstrap-theme.css,bootstrap-theme.css,476,469,6,1,0,22608,328
CSS,/apps/showcase/src/main/webapp/styles/bootstrap-theme.css,bootstrap-theme.css,476,469,6,1,0,22608,328
CSS,/apps/showcase/src/main/webapp/styles/bootstrap-theme.min.css,bootstrap-theme.min.css,5,1,4,0,0,19963,5
CSS,/apps/rest-showcase/src/main/webapp/css/bootstrap-theme.min.css,bootstrap-theme.min.css,5,1,4,0,0,19963,5
CSS,/apps/showcase/src/main/webapp/styles/bootstrap.css,bootstrap.css,6584,6570,8,6,0,141622,3444
CSS,/apps/rest-showcase/src/main/webapp/css/bootstrap.css,bootstrap.css,6584,6570,8,6,0,141622,3444
CSS,/apps/showcase/src/main/webapp/styles/bootstrap.min.css,bootstrap.min.css,5,1,4,0,0,117305,5
CSS,/apps/rest-showcase/src/main/webapp/css/bootstrap.min.css,bootstrap.min.css,5,1,4,0,0,117305,5
JavaScript,/apps/showcase/src/main/webapp/js/bootstrap.min.js,bootstrap.min.js,7,2,5,0,3,35951,7
JavaServer Pages,/plugins/embeddedjsp/src/test/resources/org/apache/struts2/broken0.jsp,broken0.jsp,2,1,0,1,0,58,2
Freemarker Template,/core/src/main/resources/org/apache/struts2/interceptor/debugging/browser.ftl,browser.ftl,85,54,22,9,0,2451,68
XML,/assembly/src/main/resources/build.xml,build.xml,53,38,9,6,0,1859,43
Freemarker Template,/bundles/demo/src/main/resources/content/osgi/bundles.ftl,bundles.ftl,18,18,0,0,1,509,18
Freemarker Template,/core/src/test/resources/org/apache/struts2/views/freemarker/callActionFreeMarker.ftl,callActionFreeMarker.ftl,23,1,22,0,0,993,21
Freemarker Template,/core/src/test/resources/org/apache/struts2/views/freemarker/callActionFreeMarker2.ftl,callActionFreeMarker2.ftl,23,1,22,0,0,993,21
Freemarker Template,/core/src/main/resources/template/xhtml/checkbox.ftl,checkbox.ftl,129,106,22,1,44,3775,71
Freemarker Template,/core/src/main/resources/template/simple/checkbox.ftl,checkbox.ftl,47,25,22,0,6,1884,38
Freemarker Template,/core/src/main/resources/template/css_xhtml/checkbox.ftl,checkbox.ftl,109,78,27,4,36,3007,67
HTML,/core/src/site/resources/tags/checkbox.html,checkbox.html,392,381,8,3,0,16513,133
JavaServer Pages,/core/src/test/resources/template/test/checkbox.jsp,checkbox.jsp,33,12,20,1,0,1560,31
Freemarker Template,/core/src/main/resources/template/xhtml/checkboxlist.ftl,checkboxlist.ftl,25,3,22,0,0,1071,24
Freemarker Template,/core/src/main/resources/template/simple/checkboxlist.ftl,checkboxlist.ftl,118,94,24,0,47,4343,88
HTML,/core/src/site/resources/tags/checkboxlist.html,checkboxlist.html,448,437,8,3,0,19109,147
JavaServer Pages,/apps/showcase/src/main/webapp/WEB-INF/validation/clientSideValidationExample.jsp,clientSideValidationExample.jsp,61,50,0,11,0,1894,46
Freemarker Template,/core/src/main/resources/template/xhtml/combobox.ftl,combobox.ftl,25,3,22,0,0,1067,24
Freemarker Template,/core/src/main/resources/template/simple/combobox.ftl,combobox.ftl,103,81,22,0,36,3554,85
HTML,/core/src/site/resources/tags/combobox.html,combobox.html,472,461,8,3,0,19972,155
Freemarker Template,/bundles/admin/src/main/resources/osgi/admin/commandResult.ftl,commandResult.ftl,1,1,0,0,0,12,2
Freemarker Template,/core/src/main/resources/template/simple/common-attributes.ftl,common-attributes.ftl,25,3,22,0,1,915,23
JavaServer Pages,/apps/showcase/src/main/webapp/WEB-INF/wait/complete.jsp,complete.jsp,25,20,0,5,0,529,20
HTML,/core/src/site/resources/tags/component.html,component.html,384,373,8,3,0,16161,130
JavaServer Pages,/apps/showcase/src/main/webapp/WEB-INF/tags/ui/componentTagExample.jsp,componentTagExample.jsp,69,61,0,8,0,2042,49
CSS,/plugins/config-browser/src/main/resources/config-browser/config-styles.css,config-styles.css,812,616,25,171,0,12603,387
Freemarker Template,/core/src/main/resources/org/apache/struts2/interceptor/debugging/console.ftl,console.ftl,36,14,22,0,0,1155,35
Freemarker Template,/core/src/main/resources/template/xhtml/control-close.ftl,control-close.ftl,23,1,22,0,0,835,21
Freemarker Template,/core/src/main/resources/template/css_xhtml/control-close.ftl,control-close.ftl,22,0,22,0,0,827,21
Freemarker Template,/core/src/main/resources/template/css_xhtml/control.ftl,control.ftl,22,0,22,0,0,827,21
Freemarker Template,/core/src/main/resources/template/xhtml/control.ftl,control.ftl,26,4,22,0,1,968,24
Freemarker Template,/core/src/main/resources/template/css_xhtml/controlfooter.ftl,controlfooter.ftl,51,29,22,0,13,1657,46
Freemarker Template,/core/src/main/resources/template/simple/controlfooter.ftl,controlfooter.ftl,22,0,22,0,0,827,21
Freemarker Template,/apps/showcase/src/main/resources/template/ajaxErrorContainers/controlfooter.ftl,controlfooter.ftl,39,17,22,0,6,1353,35
Freemarker Template,/core/src/main/resources/template/xhtml/controlfooter.ftl,controlfooter.ftl,38,15,22,1,5,1280,33
Freemarker Template,/core/src/main/resources/template/css_xhtml/controlheader-core.ftl,controlheader-core.ftl,79,51,26,2,22,2408,63
Freemarker Template,/apps/showcase/src/main/resources/template/ajaxErrorContainers/controlheader-core.ftl,controlheader-core.ftl,80,50,30,0,22,2576,62
Freemarker Template,/core/src/main/resources/template/xhtml/controlheader-core.ftl,controlheader-core.ftl,81,50,31,0,22,2509,61
Freemarker Template,/core/src/main/resources/template/css_xhtml/controlheader.ftl,controlheader.ftl,35,12,22,1,8,1285,33
Freemarker Template,/core/src/main/resources/template/xhtml/controlheader.ftl,controlheader.ftl,30,8,22,0,1,1093,29
Freemarker Template,/core/src/main/resources/template/simple/controlheader.ftl,controlheader.ftl,22,0,22,0,0,827,21
Freemarker Template,/core/src/main/resources/template/simple/css.ftl,css.ftl,35,13,22,0,6,1647,32
Freemarker Template,/apps/showcase/src/main/webapp/WEB-INF/freemarker/customFreemarkerManagerUsage.ftl,customFreemarkerManagerUsage.ftl,34,29,0,5,0,1034,30
Freemarker Template,/core/src/test/resources/org/apache/struts2/views/freemarker/customTextField.ftl,customTextField.ftl,23,1,22,0,0,935,22
HTML,/core/src/site/resources/tags/date.html,date.html,80,69,8,3,0,2724,52
JavaServer Pages,/apps/showcase/src/main/webapp/WEB-INF/tags/non-ui/date.jsp,date.jsp,114,110,0,4,0,3544,60
JavaServer Pages,/apps/showcase/src/main/webapp/WEB-INF/date.jsp,date.jsp,2,2,0,0,0,65,3
Freemarker Template,/core/src/main/resources/template/simple/datetext.ftl,datetext.ftl,21,1,20,0,0,946,21
Freemarker Template,/core/src/main/resources/template/xhtml/datetext.ftl,datetext.ftl,23,3,20,0,0,1050,23
HTML,/core/src/site/resources/tags/datetextfield.html,datetextfield.html,392,381,8,3,0,16521,133
HTML,/core/src/site/resources/tags/ajax/datetimepicker.html,datetimepicker.html,496,485,8,3,0,21287,170
Freemarker Template,/core/src/main/resources/template/simple/debug.ftl,debug.ftl,90,61,22,7,16,3447,70
HTML,/core/src/site/resources/tags/debug.html,debug.html,384,373,8,3,0,16156,130
JavaServer Pages,/apps/showcase/src/main/webapp/WEB-INF/tags/non-ui/debug.jsp,debug.jsp,30,26,0,4,0,673,25
XML,/apps/showcase/src/main/webapp/WEB-INF/decorators.xml,decorators.xml,17,14,1,2,0,532,16
Properties File,/core/src/main/resources/org/apache/struts2/default.properties,default.properties,224,38,145,41,0,10200,179
XML,/core/src/main/resources/com/opensymphony/xwork2/validator/validators/default.xml,default.xml,25,22,2,1,0,2070,25
Plain Text,/plugins/convention/design.txt,design.txt,39,34,0,5,0,2493,35
HTML,/core/src/site/resources/tags/ajax/div.html,div.html,608,597,8,3,0,26340,192
HTML,/core/src/site/resources/tags/div.html,div.html,392,381,8,3,0,16492,132
XML,/assembly/src/main/assembly/docs.xml,docs.xml,155,122,26,7,0,7028,93
CSS,/core/src/main/resources/org/apache/struts2/static/domTT.css,domTT.css,42,20,21,1,0,1236,35
JavaScript,/core/src/main/resources/org/apache/struts2/static/domTT.js,domTT.js,120,119,1,0,41,22191,120
JavaServer Pages,/plugins/embeddedjsp/src/test/resources/org/apache/struts2/dont-use.jsp,dont-use.jsp,1,1,0,0,0,4,1
JavaServer Pages,/apps/showcase/src/main/webapp/WEB-INF/token/doublePost.jsp,doublePost.jsp,28,23,0,5,0,574,23
Freemarker Template,/core/src/main/resources/template/simple/doubleselect.ftl,doubleselect.ftl,195,167,22,6,74,7866,133
Freemarker Template,/core/src/main/resources/template/xhtml/doubleselect.ftl,doubleselect.ftl,25,3,22,0,0,1071,24
HTML,/core/src/site/resources/tags/doubleselect.html,doubleselect.html,752,741,8,3,0,32588,224
HTML,/core/src/site/resources/tags/dropdowndatetimepicker.html,dropdowndatetimepicker.html,410,399,8,3,0,17219,145
Properties File,/core/src/test/resources/org/apache/struts2/components/template/dummy.properties,dummy.properties,20,0,20,0,0,797,17
XML,/apps/showcase/src/main/webapp/WEB-INF/dwr.xml,dwr.xml,25,19,2,4,0,727,22
Freemarker Template,/core/src/test/resources/org/apache/struts2/views/freemarker/dynaAttributes.ftl,dynaAttributes.ftl,26,4,22,0,0,1177,25
Freemarker Template,/core/src/main/resources/template/simple/dynamic-attributes.ftl,dynamic-attributes.ftl,34,12,22,0,8,1281,32
JavaServer Pages,/apps/showcase/src/main/webapp/WEB-INF/tags/ui/dynamicTreeSelect.jsp,dynamicTreeSelect.jsp,6,3,0,3,0,132,4
JavaServer Pages,/apps/showcase/src/main/webapp/WEB-INF/person/edit-person.jsp,edit-person.jsp,53,50,0,3,0,1591,45
JavaServer Pages,/apps/showcase/src/main/webapp/WEB-INF/empmanager/editEmployee.jsp,editEmployee.jsp,54,50,0,4,0,2499,49
JavaServer Pages,/apps/showcase/src/main/webapp/WEB-INF/empmanager/editSkill.jsp,editSkill.jsp,42,39,0,3,0,1572,38
JavaServer Pages,/plugins/embeddedjsp/src/test/resources/org/apache/struts2/el.jsp,el.jsp,1,1,0,0,0,16,1
HTML,/core/src/site/resources/tags/else.html,else.html,40,29,8,3,0,1016,35
HTML,/core/src/site/resources/tags/elseif.html,elseif.html,48,37,8,3,0,1389,43
Freemarker Template,/core/src/main/resources/template/simple/empty.ftl,empty.ftl,22,0,22,0,0,827,21
JavaServer Pages,/apps/showcase/src/main/webapp/WEB-INF/conversion/enterAddressInfo.jsp,enterAddressInfo.jsp,53,51,0,2,0,1682,40
JavaServer Pages,/apps/showcase/src/main/webapp/WEB-INF/conversion/enterOperations.jsp,enterOperations.jsp,38,33,0,5,4,1456,32
JavaServer Pages,/apps/showcase/src/main/webapp/WEB-INF/conversion/enterPersonInfo.jsp,enterPersonInfo.jsp,67,64,0,3,0,2225,49
Extensible Stylesheet Language Transformations,/apps/showcase/src/main/webapp/xslt/environment.xsl,environment.xsl,25,23,0,2,0,865,24
Freemarker Template,/core/src/main/resources/org/apache/struts2/dispatcher/error.ftl,error.ftl,153,124,22,7,37,4198,128
Freemarker Template,/plugins/config-browser/src/main/resources/config-browser/error.ftl,error.ftl,28,4,22,2,0,1049,25
JavaServer Pages,/apps/showcase/src/main/webapp/WEB-INF/tags/ui/example.jsp,example.jsp,147,129,0,18,0,4789,115
JavaServer Pages,/apps/showcase/src/main/webapp/WEB-INF/token/example1.jsp,example1.jsp,50,38,0,12,0,1080,31
JavaServer Pages,/apps/showcase/src/main/webapp/WEB-INF/wait/example1.jsp,example1.jsp,28,22,0,6,0,666,22
JavaServer Pages,/apps/showcase/src/main/webapp/WEB-INF/token/example2.jsp,example2.jsp,38,31,0,7,0,986,29
JavaServer Pages,/apps/showcase/src/main/webapp/WEB-INF/wait/example2.jsp,example2.jsp,29,23,0,6,0,727,23
JavaServer Pages,/apps/showcase/src/main/webapp/WEB-INF/wait/example3.jsp,example3.jsp,29,24,0,5,2,847,24
JavaServer Pages,/apps/showcase/src/main/webapp/WEB-INF/token/example3.jsp,example3.jsp,37,30,0,7,0,999,29
Freemarker Template,/apps/showcase/src/main/webapp/WEB-INF/token/example4.ftl,example4.ftl,40,32,0,8,0,1157,31
JavaServer Pages,/apps/showcase/src/main/webapp/WEB-INF/tags/ui/exampleSubmited.jsp,exampleSubmited.jsp,58,56,0,2,0,2100,46
JavaServer Pages,/apps/showcase/src/main/webapp/WEB-INF/validation/fieldValidatorsExample.jsp,fieldValidatorsExample.jsp,61,50,0,11,0,2206,47
Plain Text,/core/src/test/resources/org/apache/struts2/views/jsp/ui/fielderror-1.txt,fielderror-1.txt,5,5,0,0,0,188,6
Plain Text,/core/src/test/resources/org/apache/struts2/views/jsp/ui/fielderror-2.txt,fielderror-2.txt,0,0,0,0,0,0,0
Plain Text,/core/src/test/resources/org/apache/struts2/views/jsp/ui/fielderror-3.txt,fielderror-3.txt,4,4,0,0,0,148,5
Plain Text,/core/src/test/resources/org/apache/struts2/views/jsp/ui/fielderror-4.txt,fielderror-4.txt,4,4,0,0,0,136,5
Plain Text,/core/src/test/resources/org/apache/struts2/views/jsp/ui/fielderror-5.txt,fielderror-5.txt,3,3,0,0,0,84,4
Plain Text,/core/src/test/resources/org/apache/struts2/views/jsp/ui/fielderror-6.txt,fielderror-6.txt,3,3,0,0,0,85,3
Freemarker Template,/core/src/main/resources/template/simple/fielderror.ftl,fielderror.ftl,82,60,22,0,29,3446,73
HTML,/core/src/site/resources/tags/fielderror.html,fielderror.html,400,389,8,3,0,16881,135
Freemarker Template,/core/src/main/resources/template/simple/file.ftl,file.ftl,48,26,22,0,6,1749,41
Freemarker Template,/core/src/main/resources/template/xhtml/file.ftl,file.ftl,25,3,22,0,0,1057,24
HTML,/core/src/site/resources/tags/file.html,file.html,400,389,8,3,0,16815,135
Freemarker Template,/core/src/main/resources/template/simple/form-close-tooltips.ftl,form-close-tooltips.ftl,30,6,22,2,1,1246,29
Freemarker Template,/core/src/main/resources/template/xhtml/form-close-validate.ftl,form-close-validate.ftl,158,116,38,4,46,7071,119
Freemarker Template,/core/src/main/resources/template/simple/form-close.ftl,form-close.ftl,104,70,30,4,25,4050,66
Freemarker Template,/core/src/main/resources/template/xhtml/form-close.ftl,form-close.ftl,35,13,22,0,1,1340,34
Freemarker Template,/core/src/main/resources/template/simple/form-common.ftl,form-common.ftl,67,45,22,0,16,2294,53
Freemarker Template,/core/src/main/resources/template/css_xhtml/form-validate.ftl,form-validate.ftl,30,8,22,0,4,1205,29
Freemarker Template,/core/src/main/resources/template/xhtml/form-validate.ftl,form-validate.ftl,31,9,22,0,4,1323,30
Freemarker Template,/core/src/main/resources/template/simple/form.ftl,form.ftl,27,5,22,0,1,1000,25
Freemarker Template,/core/src/main/resources/template/xhtml/form.ftl,form.ftl,33,11,22,0,3,1290,32
HTML,/core/src/site/resources/tags/ajax/form.html,form.html,418,407,8,3,0,17313,139
HTML,/core/src/site/resources/tags/form.html,form.html,496,485,8,3,0,20999,161
Freemarker Template,/apps/showcase/src/main/webapp/customTemplateDir/customTheme/ftlCustomTemplate.ftl,ftlCustomTemplate.ftl,7,6,0,1,0,133,7
HTML,/core/src/site/resources/tags/generator.html,generator.html,80,69,8,3,0,2942,53
Properties File,/apps/showcase/src/main/resources/globalMessages.properties,globalMessages.properties,9,6,0,3,0,191,7
Properties File,/apps/showcase/src/main/resources/globalMessages_de.properties,globalMessages_de.properties,7,5,0,2,0,187,6
Properties File,/apps/showcase/src/main/resources/globalMessages_en.properties,globalMessages_en.properties,0,0,0,0,0,0,0
SVG,/apps/rest-showcase/src/main/webapp/fonts/glyphicons-halflings-regular.svg,glyphicons-halflings-regular.svg,288,288,0,0,0,108738,288
SVG,/apps/showcase/src/main/webapp/fonts/glyphicons-halflings-regular.svg,glyphicons-halflings-regular.svg,288,288,0,0,0,108738,288
Freemarker Template,/plugins/sitegraph/src/test/resources/org/apache/struts2/sitegraph/tutorial/sitegraph/guess-error.ftl,guess-error.ftl,23,1,22,0,0,834,22
Freemarker Template,/plugins/sitegraph/src/test/resources/org/apache/struts2/sitegraph/tutorial/sitegraph/guess-input.ftl,guess-input.ftl,34,11,22,1,0,1044,32
JavaServer Pages,/plugins/sitegraph/src/test/resources/org/apache/struts2/sitegraph/tutorial/sitegraph/guess-success.jsp,guess-success.jsp,23,3,20,0,0,906,22
Freemarker Template,/apps/showcase/src/main/webapp/WEB-INF/hangman/hangmanNonAjax.ftl,hangmanNonAjax.ftl,144,131,4,9,9,5268,108
Freemarker Template,/core/src/main/resources/template/xhtml/head.ftl,head.ftl,24,2,22,0,0,1013,23
Freemarker Template,/core/src/main/resources/template/simple/head.ftl,head.ftl,23,1,22,0,0,897,21
Freemarker Template,/core/src/main/resources/template/css_xhtml/head.ftl,head.ftl,24,2,22,0,0,1018,23
HTML,/core/src/site/resources/tags/head.html,head.html,384,373,8,3,0,16166,130
HTML,/core/src/site/resources/tags/ajax/head.html,head.html,96,85,8,3,0,3616,57
JavaServer Pages,/apps/showcase/src/main/webapp/WEB-INF/tiles/header.jsp,header.jsp,3,3,0,0,0,52,4
Plain Text,/src/etc/header.txt,header.txt,18,15,0,3,0,759,16
Freemarker Template,/bundles/demo/src/main/resources/content/osgi/hello-convention.ftl,hello-convention.ftl,10,10,0,0,0,279,10
Freemarker Template,/bundles/demo/src/main/resources/content/osgi/hello.ftl,hello.ftl,10,10,0,0,0,281,10
JavaServer Pages,/plugins/sitegraph/src/test/resources/org/apache/struts2/sitegraph/hello.jsp,hello.jsp,23,3,20,0,0,856,22
JavaServer Pages,/apps/showcase/src/main/webapp/WEB-INF/help.jsp,help.jsp,32,29,0,3,2,1025,24
Freemarker Template,/core/src/main/resources/template/simple/hidden.ftl,hidden.ftl,41,19,22,0,5,1400,35
Freemarker Template,/core/src/main/resources/template/xhtml/hidden.ftl,hidden.ftl,27,5,22,0,0,951,26
Freemarker Template,/core/src/main/resources/template/css_xhtml/hidden.ftl,hidden.ftl,23,1,22,0,0,887,22
HTML,/core/src/site/resources/tags/hidden.html,hidden.html,384,373,8,3,0,16156,130
Freemarker Template,/bundles/demo/src/main/resources/content/osgi/home.ftl,home.ftl,14,14,0,0,0,655,14
Plain Text,/core/src/test/resources/org/apache/struts2/views/jsp/ui/href-1.txt,href-1.txt,4,4,0,0,0,32,5
Plain Text,/core/src/test/resources/org/apache/struts2/views/jsp/ui/href-2.txt,href-2.txt,4,4,0,0,0,37,5
HTML,/core/src/site/resources/tags/i18n.html,i18n.html,48,37,8,3,0,1432,42
HTML,/core/src/site/resources/tags/if.html,if.html,48,37,8,3,0,1377,43
HTML,/core/src/site/resources/tags/include.html,include.html,48,37,8,3,0,1417,43
XML,/core/src/test/resources/includeTest.xml,includeTest.xml,10,9,0,1,0,316,10
JavaServer Pages,/apps/showcase/src/main/webapp/WEB-INF/tags/non-ui/actionTag/includedPage.jsp,includedPage.jsp,1,1,0,0,0,44,2
JavaServer Pages,/apps/showcase/src/main/webapp/WEB-INF/tags/non-ui/actionTag/includedPage2.jsp,includedPage2.jsp,2,1,0,1,0,53,2
JavaServer Pages,/apps/showcase/src/main/webapp/WEB-INF/tags/non-ui/actionTag/includedPage3.jsp,includedPage3.jsp,2,1,0,1,0,53,2
JavaServer Pages,/plugins/embeddedjsp/src/test/resources/org/apache/struts2/includes0.jsp,includes0.jsp,2,2,0,0,0,58,2
JavaServer Pages,/plugins/embeddedjsp/src/test/resources/org/apache/struts2/includes1.jsp,includes1.jsp,2,2,0,0,0,62,2
JavaServer Pages,/plugins/embeddedjsp/src/test/resources/org/apache/struts2/includes2.jsp,includes2.jsp,4,4,0,0,0,121,4
JavaServer Pages,/plugins/embeddedjsp/src/test/resources/org/apache/struts2/includes3.jsp,includes3.jsp,2,2,0,0,0,60,3
HTML,/apps/showcase/src/main/webapp/wait/index.html,index.html,33,27,0,6,0,837,25
HTML,/apps/showcase/src/main/webapp/skill/index.html,index.html,10,9,0,1,0,188,10
HTML,/apps/showcase/src/main/webapp/person/index.html,index.html,10,9,0,1,0,195,10
HTML,/apps/showcase/src/main/webapp/token/index.html,index.html,47,39,0,8,0,1566,32
HTML,/apps/showcase/src/main/webapp/index.html,index.html,10,9,0,1,0,187,10
JavaServer Pages,/apps/showcase/src/main/webapp/WEB-INF/conversion/index.jsp,index.jsp,35,31,0,4,0,950,27
JavaServer Pages,/apps/showcase/src/main/webapp/WEB-INF/xslt/index.jsp,index.jsp,26,21,0,5,0,1092,22
JavaServer Pages,/apps/showcase/src/main/webapp/WEB-INF/filedownload/index.jsp,index.jsp,36,29,0,7,1,987,26
JavaServer Pages,/apps/showcase/src/main/webapp/WEB-INF/freemarker/index.jsp,index.jsp,3,1,0,2,0,81,2
Plain Text,/core/src/test/resources/org/apache/struts2/views/jsp/ui/inputtransferselect-1.txt,inputtransferselect-1.txt,24,24,0,0,0,1247,22
Freemarker Template,/core/src/main/resources/template/xhtml/inputtransferselect.ftl,inputtransferselect.ftl,25,3,22,0,0,1078,24
Freemarker Template,/core/src/main/resources/template/simple/inputtransferselect.ftl,inputtransferselect.ftl,124,98,22,4,27,4394,84
HTML,/core/src/site/resources/tags/inputtransferselect.html,inputtransferselect.html,568,557,8,3,0,24147,177
JavaScript,/core/src/main/resources/org/apache/struts2/static/inputtransferselect.js,inputtransferselect.js,135,108,18,9,32,4326,86
HTML,/core/src/site/resources/tags/iterator.html,iterator.html,88,77,8,3,0,3399,57
JavaServer Pages,/apps/showcase/src/main/webapp/WEB-INF/tags/non-ui/iteratorTag/iteratorGeneratorTagDemoResult.jsp,iteratorGeneratorTagDemoResult.jsp,29,25,0,4,0,781,25
JavaScript,/bundles/admin/src/main/resources/static/js/jquery-1.3.2.min.js,jquery-1.3.2.min.js,19,2,17,0,0,57254,16
JavaScript,/apps/showcase/src/main/webapp/js/jquery-2.1.4.min.js,jquery-2.1.4.min.js,4,3,1,0,15,84345,5
CSS,/bundles/admin/src/main/resources/static/css/redmond/jquery-ui-1.7.1.custom.css,jquery-ui-1.7.1.custom.css,404,330,48,26,0,27460,354
JavaScript,/bundles/admin/src/main/resources/static/js/jquery-ui-1.7.1.custom.min.js,jquery-ui-1.7.1.custom.min.js,20,2,18,0,0,19373,13
JavaScript,/core/src/main/resources/jshint.conf.js,jshint.conf.js,13,13,0,0,0,223,13
Plain Text,/plugins/json/src/test/resources/org/apache/struts2/json/json-1.txt,json-1.txt,49,49,0,0,0,1032,48
Plain Text,/plugins/json/src/test/resources/org/apache/struts2/json/json-10.txt,json-10.txt,3,3,0,0,0,86,4
Plain Text,/plugins/json/src/test/resources/org/apache/struts2/json/json-11.txt,json-11.txt,6,6,0,0,0,176,7
Plain Text,/plugins/json/src/test/resources/org/apache/struts2/json/json-12.txt,json-12.txt,8,8,0,0,0,147,9
Plain Text,/plugins/json/src/test/resources/org/apache/struts2/json/json-2-enum.txt,json-2-enum.txt,21,21,0,0,0,351,21
Plain Text,/plugins/json/src/test/resources/org/apache/struts2/json/json-2.txt,json-2.txt,15,15,0,0,0,277,15
Plain Text,/plugins/json/src/test/resources/org/apache/struts2/json/json-3.txt,json-3.txt,44,44,0,0,0,1590,44
Plain Text,/plugins/json/src/test/resources/org/apache/struts2/json/json-4.txt,json-4.txt,4,4,0,0,0,41,4
Plain Text,/plugins/json/src/test/resources/org/apache/struts2/json/json-5.txt,json-5.txt,8,8,0,0,0,144,8
Plain Text,/plugins/json/src/test/resources/org/apache/struts2/json/json-6.txt,json-6.txt,1,1,0,0,0,2,1
Plain Text,/plugins/json/src/test/resources/org/apache/struts2/json/json-7.txt,json-7.txt,20,20,0,0,0,818,21
Plain Text,/plugins/json/src/test/resources/org/apache/struts2/json/json-8.txt,json-8.txt,13,13,0,0,0,474,13
Plain Text,/plugins/json/src/test/resources/org/apache/struts2/json/json-9.txt,json-9.txt,3,3,0,0,0,25,4
Plain Text,/plugins/json/src/test/resources/org/apache/struts2/json/json.txt,json.txt,44,44,0,0,0,1000,44
Plain Text,/plugins/json/src/test/resources/org/apache/struts2/json/jsonp-1.txt,jsonp-1.txt,15,15,0,0,0,282,15
Plain Text,/plugins/json/src/test/resources/org/apache/struts2/json/jsonwriter-write-bean-01.txt,jsonwriter-write-bean-01.txt,15,15,0,0,0,297,16
Plain Text,/plugins/json/src/test/resources/org/apache/struts2/json/jsonwriter-write-bean-02.txt,jsonwriter-write-bean-02.txt,16,16,0,0,0,334,17
Plain Text,/plugins/json/src/test/resources/org/apache/struts2/json/jsonwriter-write-bean-03.txt,jsonwriter-write-bean-03.txt,13,13,0,0,0,256,14
Plain Text,/plugins/json/src/test/resources/org/apache/struts2/json/jsonwriter-write-bean-04.txt,jsonwriter-write-bean-04.txt,16,16,0,0,0,333,17
JavaServer Pages,/apps/showcase/src/main/webapp/customTemplateDir/customTheme/jspCustomTemplate.jsp,jspCustomTemplate.jsp,8,7,0,1,0,197,8
JavaServer Pages,/plugins/embeddedjsp/src/test/resources/org/apache/struts2/jstl.jsp,jstl.jsp,9,8,0,1,0,206,9
Freemarker Template,/core/src/main/resources/template/css_xhtml/label.ftl,label.ftl,47,24,23,0,6,1558,39
Freemarker Template,/core/src/main/resources/template/xhtml/label.ftl,label.ftl,25,3,22,0,0,1058,24
Freemarker Template,/core/src/main/resources/template/simple/label.ftl,label.ftl,45,23,22,0,6,1529,38
HTML,/core/src/site/resources/tags/label.html,label.html,392,381,8,3,0,16488,132
JavaServer Pages,/apps/showcase/src/main/webapp/WEB-INF/tiles/layout-annotations.jsp,layout-annotations.jsp,14,13,0,1,0,534,15
Freemarker Template,/apps/showcase/src/main/webapp/WEB-INF/tiles/layout.ftl,layout.ftl,10,10,0,0,1,378,11
JavaServer Pages,/apps/showcase/src/main/webapp/WEB-INF/tiles/layout.jsp,layout.jsp,13,12,0,1,0,454,13
XML,/assembly/src/main/assembly/lib.xml,lib.xml,92,68,22,2,0,3039,64
Freemarker Template,/apps/showcase/src/main/webapp/WEB-INF/person/list-people.ftl,list-people.ftl,44,41,0,3,1,1129,38
JavaServer Pages,/apps/showcase/src/main/webapp/WEB-INF/empmanager/listEmployees.jsp,listEmployees.jsp,43,40,0,3,0,1409,39
JavaServer Pages,/apps/showcase/src/main/webapp/WEB-INF/empmanager/listSkills.jsp,listSkills.jsp,41,37,0,4,0,1353,36
Properties File,/plugins/cdi/src/test/resources/log4j.properties,log4j.properties,11,5,3,3,0,429,9
XML,/apps/rest-showcase/src/main/resources/log4j2.xml,log4j2.xml,16,16,0,0,0,533,16
XML,/core/src/test/resources/log4j2.xml,log4j2.xml,14,14,0,0,0,430,14
XML,/apps/showcase/src/main/resources/log4j2.xml,log4j2.xml,16,16,0,0,0,538,16
JavaServer Pages,/apps/showcase/src/main/webapp/WEB-INF/tags/ui/lotsOfOptiontransferselect.jsp,lotsOfOptiontransferselect.jsp,101,90,0,11,0,3214,75
JavaServer Pages,/apps/showcase/src/main/webapp/WEB-INF/tags/ui/lotsOfOptiontransferselectSubmit.jsp,lotsOfOptiontransferselectSubmit.jsp,103,100,0,3,0,2998,50
CSS,/bundles/admin/src/main/resources/static/css/main.css,main.css,103,84,0,19,0,1558,52
CSS,/apps/showcase/src/main/webapp/styles/main.css,main.css,27,25,0,2,0,380,20
JavaServer Pages,/apps/showcase/src/main/webapp/WEB-INF/decorators/main.jsp,main.jsp,292,268,1,23,8,17045,215
Freemarker Template,/core/src/test/resources/org/apache/struts2/views/freemarker/manual-list.ftl,manual-list.ftl,25,2,22,1,0,1090,23
XML,/plugins/embeddedjsp/src/main/java/org/apache/struts2/jasper/servlet/mbeans-descriptors.xml,mbeans-descriptors.xml,36,15,16,5,0,1358,29
HTML,/core/src/site/resources/tags/merge.html,merge.html,48,37,8,3,0,1441,42
JavaServer Pages,/apps/showcase/src/main/webapp/WEB-INF/tags/non-ui/iteratorTag/mergeIteratorTagDemoResult.jsp,mergeIteratorTagDemoResult.jsp,33,29,0,4,0,934,29
Freemarker Template,/apps/showcase/src/main/webapp/WEB-INF/tags/non-ui/actionPrefix/methodPrefix.ftl,methodPrefix.ftl,25,19,0,6,0,566,20
XML,/assembly/src/main/assembly/min-lib.xml,min-lib.xml,49,25,22,2,0,1923,46
JavaServer Pages,/apps/showcase/src/main/webapp/WEB-INF/modelDriven/modelDriven.jsp,modelDriven.jsp,42,35,0,7,0,777,34
JavaServer Pages,/apps/showcase/src/main/webapp/WEB-INF/modelDriven/modelDrivenResult.jsp,modelDrivenResult.jsp,42,37,0,5,0,744,34
JavaServer Pages,/apps/showcase/src/main/webapp/WEB-INF/tags/ui/moreSelects.jsp,moreSelects.jsp,69,56,0,13,0,1800,51
JavaServer Pages,/apps/showcase/src/main/webapp/WEB-INF/tags/ui/moreSelectsSubmit.jsp,moreSelectsSubmit.jsp,63,60,0,3,0,1845,37
JavaServer Pages,/apps/showcase/src/main/webapp/WEB-INF/fileupload/multipleUploadUsingArray.jsp,multipleUploadUsingArray.jsp,32,27,0,5,0,753,27
JavaServer Pages,/apps/showcase/src/main/webapp/WEB-INF/fileupload/multipleUploadUsingList.jsp,multipleUploadUsingList.jsp,32,27,0,5,0,752,27
XML,/core/src/test/resources/my-validators.xml,my-validators.xml,7,7,0,0,0,344,8
Freemarker Template,/apps/showcase/src/main/resources/myTemplateDir/myTheme/myAnotherTemplate.ftl,myAnotherTemplate.ftl,6,6,0,0,0,132,7
XML,/core/src/test/resources/myOther-validators.xml,myOther-validators.xml,7,7,0,0,0,341,8
JavaServer Pages,/apps/showcase/src/main/webapp/template/xhtml/mytemplate.jsp,mytemplate.jsp,9,7,0,2,0,194,8
Freemarker Template,/core/src/test/resources/org/apache/struts2/views/freemarker/nested.ftl,nested.ftl,23,1,22,0,0,896,21
Freemarker Template,/apps/showcase/src/main/webapp/WEB-INF/person/new-person.ftl,new-person.ftl,49,47,0,2,0,1649,42
Freemarker Template,/plugins/convention/src/test/resources/WEB-INF/component/no-annotation-foo.ftl,no-annotation-foo.ftl,0,0,0,0,0,0,0
Freemarker Template,/plugins/convention/src/test/resources/WEB-INF/component/no-annotation.ftl,no-annotation.ftl,0,0,0,0,0,0,0
JavaServer Pages,/apps/showcase/src/main/webapp/WEB-INF/validation/nonFieldValidatorsExample.jsp,nonFieldValidatorsExample.jsp,43,32,0,11,0,933,33
Freemarker Template,/apps/showcase/src/main/webapp/WEB-INF/tags/non-ui/actionPrefix/normalSubmit.ftl,normalSubmit.ftl,24,19,0,5,0,538,20
Plain Text,/plugins/json/src/test/resources/org/apache/struts2/json/nulls-1.txt,nulls-1.txt,1,1,0,0,0,14,1
HTML,/core/src/site/resources/tags/number.html,number.html,128,117,8,3,0,4832,64
Freemarker Template,/core/src/main/resources/template/simple/optgroup.ftl,optgroup.ftl,51,28,22,1,13,1887,46
HTML,/core/src/site/resources/tags/optgroup.html,optgroup.html,80,69,8,3,0,2655,50
Plain Text,/core/src/test/resources/org/apache/struts2/views/jsp/ui/optiontransferselect-1.txt,optiontransferselect-1.txt,53,53,0,0,0,2796,44
Plain Text,/core/src/test/resources/org/apache/struts2/views/jsp/ui/optiontransferselect-2.txt,optiontransferselect-2.txt,52,52,0,0,0,2813,44
Plain Text,/core/src/test/resources/org/apache/struts2/views/jsp/ui/optiontransferselect-3.txt,optiontransferselect-3.txt,51,51,0,0,0,2498,41
Plain Text,/core/src/test/resources/org/apache/struts2/views/jsp/ui/optiontransferselect-4.txt,optiontransferselect-4.txt,53,52,0,1,0,2633,43
Plain Text,/core/src/test/resources/org/apache/struts2/views/jsp/ui/optiontransferselect-5.txt,optiontransferselect-5.txt,51,51,0,0,0,2750,42
Plain Text,/core/src/test/resources/org/apache/struts2/views/jsp/ui/optiontransferselect-6.txt,optiontransferselect-6.txt,52,52,0,0,0,2781,43
Plain Text,/core/src/test/resources/org/apache/struts2/views/jsp/ui/optiontransferselect-7.txt,optiontransferselect-7.txt,47,47,0,0,0,2123,41
Freemarker Template,/core/src/main/resources/template/xhtml/optiontransferselect.ftl,optiontransferselect.ftl,25,3,22,0,0,1079,24
Freemarker Template,/core/src/main/resources/template/simple/optiontransferselect.ftl,optiontransferselect.ftl,301,278,22,1,96,14238,167
HTML,/core/src/site/resources/tags/optiontransferselect.html,optiontransferselect.html,968,957,8,3,0,41647,276
JavaScript,/core/src/main/resources/org/apache/struts2/static/optiontransferselect.js,optiontransferselect.js,191,152,24,15,38,6539,123
JavaServer Pages,/apps/rest-showcase/src/main/webapp/WEB-INF/content/orders-deleteConfirm.jsp,orders-deleteConfirm.jsp,47,45,0,2,0,1769,44
JavaServer Pages,/apps/rest-showcase/src/main/webapp/WEB-INF/content/orders-edit.jsp,orders-edit.jsp,72,70,0,2,0,2990,53
JavaServer Pages,/apps/rest-showcase/src/main/webapp/WEB-INF/content/orders-editNew.jsp,orders-editNew.jsp,63,62,0,1,0,2568,49
JavaServer Pages,/apps/rest-showcase/src/main/webapp/WEB-INF/content/orders-index.jsp,orders-index.jsp,57,55,0,2,0,2344,53
JavaServer Pages,/apps/rest-showcase/src/main/webapp/WEB-INF/content/orders-show.jsp,orders-show.jsp,49,47,0,2,0,1836,44
Properties File,/core/src/test/resources/org/apache/struts2/othertest.properties,othertest.properties,21,1,20,0,0,825,18
Plain Text,/plugins/sitegraph/src/test/resources/org/apache/struts2/sitegraph/out.txt,out.txt,33,33,0,0,0,1784,34
XML,/plugins/oval/src/test/resources/oval-test.xml,oval-test.xml,102,99,0,3,0,5221,45
HTML,/core/src/main/resources/overview.html,overview.html,28,4,22,2,0,1006,25
Java,/core/src/main/java/com/opensymphony/xwork2/inject/package-info.java,package-info.java,30,1,28,1,0,1061,25
Java,/plugins/convention/src/test/java/org/apache/struts2/convention/actions/parentpackage/package-info.java,package-info.java,23,2,20,1,0,953,21
Java,/plugins/convention/src/test/java/org/apache/struts2/convention/actions/namespace4/package-info.java,package-info.java,22,2,20,0,0,943,20
Java,/apps/showcase/src/main/java/org/apache/struts2/showcase/person/package-info.java,package-info.java,6,4,0,2,0,221,6
Java,/core/src/main/java/org/apache/struts2/dispatcher/package-info.java,package-info.java,70,1,69,0,0,2901,43
Java,/plugins/convention/src/test/java/org/apache/struts2/convention/actions/defaultinterceptor/package-info.java,package-info.java,22,2,20,0,0,974,20
Java,/plugins/convention/src/test/java/org/apache/struts2/convention/actions/namespace/package-info.java,package-info.java,22,2,20,0,0,944,20
Java,/core/src/test/java/com/opensymphony/xwork2/util/annotation/package-info.java,package-info.java,22,2,20,0,0,957,21
Java,/plugins/convention/src/test/java/org/apache/struts2/convention/actions/resultpath/package-info.java,package-info.java,23,2,20,1,0,948,21
Java,/plugins/convention/src/test/java/org/apache/struts2/convention/actions/allowedmethods/package-info.java,package-info.java,23,2,20,1,0,957,21
HTML,/core/src/main/java/com/opensymphony/xwork2/config/impl/package.html,package.html,1,1,0,0,0,51,2
HTML,/core/src/main/java/org/apache/struts2/views/jsp/package.html,package.html,23,1,22,0,0,866,22
HTML,/core/src/main/resources/org/apache/struts2/views/jsp/ui/table/package.html,package.html,23,1,22,0,0,873,22
HTML,/core/src/main/resources/org/apache/struts2/interceptor/package.html,package.html,23,1,22,0,0,874,22
HTML,/core/src/main/java/com/opensymphony/xwork2/interceptor/package.html,package.html,1,1,0,0,0,34,2
HTML,/core/src/main/java/com/opensymphony/xwork2/spring/interceptor/package.html,package.html,1,1,0,0,0,50,2
HTML,/core/src/main/java/com/opensymphony/xwork2/inject/util/package.html,package.html,1,1,0,0,0,33,2
HTML,/core/src/main/java/com/opensymphony/xwork2/config/entities/package.html,package.html,18,17,0,1,0,555,14
HTML,/core/src/main/java/org/apache/struts2/views/xslt/package.html,package.html,46,23,22,1,0,1772,38
HTML,/core/src/main/java/com/opensymphony/xwork2/package.html,package.html,1,1,0,0,0,48,2
HTML,/core/src/main/java/com/opensymphony/xwork2/util/package.html,package.html,1,1,0,0,0,33,2
HTML,/core/src/main/java/com/opensymphony/xwork2/util/location/package.html,package.html,3,3,0,0,0,87,3
HTML,/core/src/main/resources/org/apache/struts2/util/package.html,package.html,23,1,22,0,0,870,22
HTML,/core/src/main/java/com/opensymphony/xwork2/util/profiling/package.html,package.html,1,1,0,0,0,62,2
HTML,/core/src/main/java/com/opensymphony/xwork2/config/providers/package.html,package.html,1,1,0,0,0,45,2
HTML,/core/src/main/java/com/opensymphony/xwork2/mock/package.html,package.html,1,1,0,0,0,42,2
HTML,/core/src/main/java/com/opensymphony/xwork2/config/package.html,package.html,1,1,0,0,0,41,2
HTML,/core/src/main/java/org/apache/struts2/views/util/package.html,package.html,23,1,22,0,0,884,22
HTML,/core/src/main/java/org/apache/struts2/config/package.html,package.html,23,1,22,0,0,896,22
HTML,/core/src/main/java/com/opensymphony/xwork2/validator/validators/package.html,package.html,1,1,0,0,0,46,2
HTML,/core/src/main/resources/org/apache/struts2/package.html,package.html,23,1,22,0,0,876,22
HTML,/core/src/main/java/com/opensymphony/xwork2/interceptor/annotations/package.html,package.html,1,1,0,0,0,38,2
HTML,/core/src/main/java/com/opensymphony/xwork2/validator/package.html,package.html,1,1,0,0,0,40,1
HTML,/core/src/main/java/com/opensymphony/xwork2/conversion/annotations/package.html,package.html,1,1,0,0,0,42,2
HTML,/core/src/main/resources/org/apache/struts2/views/freemarker/package.html,package.html,23,1,22,0,0,876,22
HTML,/core/src/main/resources/org/apache/struts2/views/jsp/ui/package.html,package.html,23,1,22,0,0,861,22
HTML,/core/src/main/java/org/apache/struts2/views/velocity/package.html,package.html,23,1,22,0,0,874,22
HTML,/core/src/main/java/com/opensymphony/xwork2/conversion/metadata/package.html,package.html,1,1,0,0,0,48,2
HTML,/plugins/jasperreports/src/main/resources/org/apache/struts2/views/jasperreports/package.html,package.html,23,1,22,0,0,880,22
HTML,/core/src/main/resources/org/apache/struts2/views/jsp/iterator/package.html,package.html,23,1,22,0,0,888,22
HTML,/core/src/main/java/org/apache/struts2/dispatcher/multipart/package.html,package.html,23,1,22,0,0,890,22
HTML,/core/src/main/java/com/opensymphony/xwork2/spring/package.html,package.html,1,1,0,0,0,43,2
HTML,/core/src/main/java/com/opensymphony/xwork2/validator/annotations/package.html,package.html,1,1,0,0,0,36,2
HTML,/plugins/portlet/src/main/java/org/apache/struts2/portlet/servlet/package.html,package.html,27,5,22,0,0,1165,25
Properties File,/core/src/test/resources/com/opensymphony/xwork2/test/package.properties,package.properties,1,1,0,0,0,29,2
Freemarker Template,/plugins/config-browser/src/main/resources/config-browser/page-footer.ftl,page-footer.ftl,41,19,22,0,0,1376,40
Freemarker Template,/plugins/config-browser/src/main/resources/config-browser/page-header.ftl,page-header.ftl,99,72,25,2,8,3979,89
HTML,/core/src/site/resources/tags/param.html,param.html,64,53,8,3,0,2085,48
Freemarker Template,/core/src/main/resources/template/simple/password.ftl,password.ftl,53,31,22,0,8,1940,44
Freemarker Template,/core/src/main/resources/template/xhtml/password.ftl,password.ftl,25,3,22,0,0,1061,24
HTML,/core/src/site/resources/tags/password.html,password.html,432,421,8,3,0,18166,144
XML,/plugins/config-browser/pom.xml,pom.xml,39,15,22,2,0,1536,36
XML,/plugins/bean-validation/pom.xml,pom.xml,66,37,20,9,0,2290,50
XML,/plugins/sitemesh/pom.xml,pom.xml,58,31,23,4,0,2078,47
XML,/plugins/tiles/pom.xml,pom.xml,91,67,22,2,0,3311,57
XML,/plugins/junit/pom.xml,pom.xml,90,59,26,5,0,3243,62
XML,/apps/showcase/pom.xml,pom.xml,242,189,28,25,0,8325,147
XML,/apps/pom.xml,pom.xml,113,84,23,6,0,4499,96
XML,/plugins/embeddedjsp/pom.xml,pom.xml,114,86,24,4,0,4116,78
XML,/bom/pom.xml,pom.xml,173,166,0,7,0,7291,71
XML,/plugins/dwr/pom.xml,pom.xml,46,21,22,3,0,1678,42
XML,/plugins/spring/pom.xml,pom.xml,93,58,24,11,0,3149,59
XML,/plugins/portlet/pom.xml,pom.xml,136,111,9,16,0,4517,64
XML,/plugins/jasperreports/pom.xml,pom.xml,58,33,23,2,0,2242,53
XML,/plugins/jfreechart/pom.xml,pom.xml,90,62,24,4,0,3257,63
XML,/plugins/pom.xml,pom.xml,88,57,23,8,0,2891,75
XML,/bundles/admin/pom.xml,pom.xml,42,39,0,3,0,1687,41
XML,/pom.xml,pom.xml,965,849,53,63,0,37251,476
XML,/plugins/javatemplates/pom.xml,pom.xml,51,26,20,5,0,1892,43
XML,/plugins/rest/pom.xml,pom.xml,94,60,24,10,0,3299,63
XML,/plugins/testng/pom.xml,pom.xml,70,41,24,5,0,2532,54
XML,/bundles/pom.xml,pom.xml,88,54,23,11,0,2873,72
XML,/plugins/plexus/pom.xml,pom.xml,46,22,22,2,0,1751,43
XML,/plugins/oval/pom.xml,pom.xml,76,44,24,8,0,2542,57
XML,/plugins/portlet-tiles/pom.xml,pom.xml,68,44,22,2,0,2589,52
XML,/assembly/pom.xml,pom.xml,256,223,0,33,0,9721,121
XML,/core/pom.xml,pom.xml,434,370,31,33,0,16554,247
XML,/plugins/sitegraph/pom.xml,pom.xml,173,129,26,18,0,5734,108
XML,/plugins/osgi/pom.xml,pom.xml,58,51,0,7,0,1960,35
XML,/bundles/demo/pom.xml,pom.xml,65,56,0,9,0,2289,50
XML,/plugins/gxp/pom.xml,pom.xml,29,26,0,3,0,1048,25
XML,/plugins/cdi/pom.xml,pom.xml,78,47,20,11,0,2562,52
XML,/apps/rest-showcase/pom.xml,pom.xml,136,105,23,8,0,5103,98
XML,/plugins/convention/pom.xml,pom.xml,60,53,1,6,0,2034,46
XML,/plugins/json/pom.xml,pom.xml,113,77,24,12,0,3844,76
XML,/plugins/pell-multipart/pom.xml,pom.xml,47,23,22,2,0,1780,44
Plain Text,/plugins/json/src/test/resources/org/apache/struts2/json/prefix-1.txt,prefix-1.txt,1,1,0,0,0,19,1
CSS,/apps/showcase/src/main/webapp/styles/prettify.css,prettify.css,1,1,0,0,0,675,1
JavaScript,/apps/showcase/src/main/webapp/js/prettify.js,prettify.js,28,28,0,0,1,13632,29
JavaServer Pages,/plugins/embeddedjsp/src/test/resources/org/apache/struts2/printParam.jsp,printParam.jsp,1,1,0,0,0,41,2
XML,/src/main/idea/project.xml,project.xml,36,13,22,1,0,1281,33
HTML,/core/src/site/resources/tags/property.html,property.html,88,77,8,3,0,3118,56
HTML,/core/src/site/resources/tags/push.html,push.html,48,37,8,3,0,1381,43
JavaServer Pages,/apps/showcase/src/main/webapp/WEB-INF/validation/quiz-basic.jsp,quiz-basic.jsp,38,29,0,9,0,687,29
JavaServer Pages,/apps/showcase/src/main/webapp/WEB-INF/validation/quiz-client-css.jsp,quiz-client-css.jsp,34,26,0,8,0,715,26
JavaServer Pages,/apps/showcase/src/main/webapp/WEB-INF/validation/quiz-client.jsp,quiz-client.jsp,35,26,0,9,0,650,26
JavaServer Pages,/apps/showcase/src/main/webapp/WEB-INF/validation/quiz-success.jsp,quiz-success.jsp,25,20,0,5,0,450,20
HTML,/core/src/site/resources/tags/radio.html,radio.html,448,437,8,3,0,19102,147
Freemarker Template,/core/src/main/resources/template/simple/radiomap.ftl,radiomap.ftl,101,76,25,0,38,3828,82
Freemarker Template,/core/src/main/resources/template/xhtml/radiomap.ftl,radiomap.ftl,25,3,22,0,0,1067,24
Freemarker Template,/apps/showcase/src/main/webapp/WEB-INF/tags/non-ui/actionPrefix/redirectActionPrefix.ftl,redirectActionPrefix.ftl,28,21,0,7,0,719,22
Freemarker Template,/core/src/main/resources/template/simple/reset.ftl,reset.ftl,76,54,22,0,15,2714,49
Freemarker Template,/core/src/main/resources/template/css_xhtml/reset.ftl,reset.ftl,44,21,22,1,11,1350,37
Freemarker Template,/core/src/main/resources/template/xhtml/reset.ftl,reset.ftl,27,5,22,0,0,1039,26
HTML,/core/src/site/resources/tags/reset.html,reset.html,424,413,8,3,0,18019,141
XML,/core/src/test/resources/com/opensymphony/xwork2/spring/resolverApplicationContext.xml,resolverApplicationContext.xml,11,10,0,1,0,436,10
CSS,/core/src/test/resources/org/apache/struts2/static/resource.css,resource.css,1,1,0,0,0,5,1
Freemarker Template,/core/src/main/resources/template/simple/scripting-events.ftl,scripting-events.ftl,64,42,22,0,14,1996,49
JavaServer Pages,/plugins/embeddedjsp/src/test/resources/org/apache/struts2/scriptlet.jsp,scriptlet.jsp,4,4,0,0,0,134,4
Freemarker Template,/core/src/main/resources/template/simple/select.ftl,select.ftl,149,121,24,4,59,5608,112
Freemarker Template,/core/src/main/resources/template/xhtml/select.ftl,select.ftl,25,3,22,0,0,1059,24
HTML,/core/src/site/resources/tags/select.html,select.html,488,477,8,3,0,21085,158
HTML,/core/src/site/resources/tags/set.html,set.html,64,53,8,3,0,2210,48
CSS,/bundles/admin/src/main/resources/static/css/shell.css,shell.css,43,22,20,1,0,1226,34
Freemarker Template,/bundles/admin/src/main/resources/osgi/admin/shell.ftl,shell.ftl,62,60,0,2,0,2767,58
JavaScript,/bundles/admin/src/main/resources/static/js/shell.js,shell.js,83,56,20,7,4,3022,66
JavaServer Pages,/apps/showcase/src/main/webapp/WEB-INF/tags/non-ui/actionTag/showActionTagDemo.jsp,showActionTagDemo.jsp,52,40,0,12,0,1637,28
JavaServer Pages,/apps/showcase/src/main/webapp/WEB-INF/conversion/showAddressInfo.jsp,showAddressInfo.jsp,21,20,0,1,0,554,20
JavaServer Pages,/apps/showcase/src/main/webapp/WEB-INF/tags/non-ui/iteratorTag/showAppendIteratorTagDemo.jsp,showAppendIteratorTagDemo.jsp,28,25,0,3,0,822,25
Freemarker Template,/plugins/config-browser/src/main/resources/config-browser/showBeans.ftl,showBeans.ftl,46,22,22,2,3,1350,43
Freemarker Template,/plugins/config-browser/src/main/resources/config-browser/showConfig.ftl,showConfig.ftl,138,106,22,10,40,4862,113
Freemarker Template,/plugins/config-browser/src/main/resources/config-browser/showConstants.ftl,showConstants.ftl,36,12,22,2,2,1127,33
JavaServer Pages,/apps/showcase/src/main/webapp/WEB-INF/tags/non-ui/iteratorTag/showIteratorGeneratorTagDemo.jsp,showIteratorGeneratorTagDemo.jsp,29,26,0,3,0,800,26
Freemarker Template,/plugins/config-browser/src/main/resources/config-browser/showJars.ftl,showJars.ftl,50,25,22,3,3,1355,45
JavaServer Pages,/apps/showcase/src/main/webapp/WEB-INF/tags/non-ui/iteratorTag/showMergeIteratorTagDemo.jsp,showMergeIteratorTagDemo.jsp,29,25,0,4,0,785,25
JavaServer Pages,/apps/showcase/src/main/webapp/WEB-INF/conversion/showOperations.jsp,showOperations.jsp,21,20,0,1,0,440,20
JavaServer Pages,/apps/showcase/src/main/webapp/WEB-INF/conversion/showPersonInfo.jsp,showPersonInfo.jsp,24,21,0,3,0,619,21
Freemarker Template,/plugins/config-browser/src/main/resources/config-browser/showValidators.ftl,showValidators.ftl,39,17,22,0,4,1582,38
JavaServer Pages,/apps/showcase/src/main/webapp/WEB-INF/showcase.jsp,showcase.jsp,30,24,0,6,0,730,26
Freemarker Template,/plugins/config-browser/src/main/resources/config-browser/simple-error.ftl,simple-error.ftl,24,2,22,0,0,991,23
JavaServer Pages,/plugins/embeddedjsp/src/test/resources/org/apache/struts2/simple0.jsp,simple0.jsp,1,1,0,0,0,5,1
JavaServer Pages,/plugins/embeddedjsp/src/test/resources/org/apache/struts2/sub/simple0.jsp,simple0.jsp,1,1,0,0,0,3,1
XML,/plugins/junit/src/site/site.xml,site.xml,57,34,20,3,0,2005,54
XML,/plugins/jfreechart/src/site/site.xml,site.xml,57,34,20,3,0,2005,54
XML,/src/site/site.xml,site.xml,75,49,20,6,0,2789,67
XML,/plugins/convention/src/site/site.xml,site.xml,57,34,20,3,0,2005,54
XML,/plugins/pell-multipart/src/site/site.xml,site.xml,57,34,20,3,0,2005,54
XML,/plugins/embeddedjsp/src/site/site.xml,site.xml,57,34,20,3,0,2005,54
XML,/plugins/cdi/src/site/site.xml,site.xml,57,34,20,3,0,2005,54
XML,/plugins/javatemplates/src/site/site.xml,site.xml,57,34,20,3,0,2005,54
XML,/plugins/dwr/src/site/site.xml,site.xml,57,34,20,3,0,2005,54
XML,/plugins/src/site/site.xml,site.xml,58,35,20,3,0,2035,55
XML,/plugins/rest/src/site/site.xml,site.xml,57,34,20,3,0,2005,54
XML,/core/src/site/site.xml,site.xml,57,34,20,3,0,2005,54
XML,/plugins/portlet/src/site/site.xml,site.xml,57,34,20,3,0,2005,54
XML,/plugins/testng/src/site/site.xml,site.xml,57,34,20,3,0,2005,54
XML,/plugins/gxp/src/site/site.xml,site.xml,57,34,20,3,0,2005,54
XML,/plugins/sitemesh/src/site/site.xml,site.xml,57,34,20,3,0,2005,54
XML,/plugins/plexus/src/site/site.xml,site.xml,57,34,20,3,0,2005,54
XML,/plugins/jasperreports/src/site/site.xml,site.xml,57,34,20,3,0,2005,54
XML,/plugins/sitegraph/src/site/site.xml,site.xml,57,34,20,3,0,2005,54
XML,/plugins/config-browser/src/site/site.xml,site.xml,57,34,20,3,0,2005,54
XML,/plugins/spring/src/site/site.xml,site.xml,57,34,20,3,0,2005,54
XML,/plugins/tiles/src/site/site.xml,site.xml,57,34,20,3,0,2005,54
XML,/plugins/oval/src/site/site.xml,site.xml,57,34,20,3,0,2005,54
XML,/plugins/json/src/site/site.xml,site.xml,57,34,20,3,0,2005,54
XML,/plugins/osgi/src/site/site.xml,site.xml,57,34,20,3,0,2005,54
XML,/plugins/portlet-tiles/src/site/site.xml,site.xml,57,34,20,3,0,2005,54
Plain Text,/plugins/sitegraph/src/main/resources/org/apache/struts2/sitegraph/sitegraph-usage.txt,sitegraph-usage.txt,7,7,0,0,0,413,8
XML,/apps/showcase/src/main/webapp/WEB-INF/sitemesh.xml,sitemesh.xml,54,41,0,13,0,2076,33
Plain Text,/plugins/json/src/test/resources/org/apache/struts2/json/smd-1.txt,smd-1.txt,41,41,0,0,0,947,30
Plain Text,/plugins/json/src/test/resources/org/apache/struts2/json/smd-10.txt,smd-10.txt,4,4,0,0,0,40,4
Plain Text,/plugins/json/src/test/resources/org/apache/struts2/json/smd-11.txt,smd-11.txt,6,6,0,0,0,71,6
Plain Text,/plugins/json/src/test/resources/org/apache/struts2/json/smd-12.txt,smd-12.txt,20,20,0,0,0,441,20
Plain Text,/plugins/json/src/test/resources/org/apache/struts2/json/smd-13.txt,smd-13.txt,11,11,0,0,0,194,11
Plain Text,/plugins/json/src/test/resources/org/apache/struts2/json/smd-14.txt,smd-14.txt,5,5,0,0,0,61,5
Plain Text,/plugins/json/src/test/resources/org/apache/struts2/json/smd-15.txt,smd-15.txt,5,5,0,0,0,65,5
Plain Text,/plugins/json/src/test/resources/org/apache/struts2/json/smd-2.txt,smd-2.txt,24,23,0,1,0,472,20
Plain Text,/plugins/json/src/test/resources/org/apache/struts2/json/smd-3.txt,smd-3.txt,5,5,0,0,0,57,5
Plain Text,/plugins/json/src/test/resources/org/apache/struts2/json/smd-4.txt,smd-4.txt,4,4,0,0,0,36,4
Plain Text,/plugins/json/src/test/resources/org/apache/struts2/json/smd-5.txt,smd-5.txt,5,5,0,0,0,57,5
Plain Text,/plugins/json/src/test/resources/org/apache/struts2/json/smd-6.txt,smd-6.txt,5,5,0,0,0,114,5
Plain Text,/plugins/json/src/test/resources/org/apache/struts2/json/smd-7.txt,smd-7.txt,19,19,0,0,0,379,17
Plain Text,/plugins/json/src/test/resources/org/apache/struts2/json/smd-8.txt,smd-8.txt,16,16,0,0,0,314,16
Plain Text,/plugins/json/src/test/resources/org/apache/struts2/json/smd-9.txt,smd-9.txt,5,5,0,0,0,77,5
Plain Text,/plugins/json/src/test/resources/org/apache/struts2/json/smd.txt,smd.txt,1,1,0,0,0,2,1
Freemarker Template,/core/src/test/resources/org/apache/struts2/views/freemarker/someFreeMarkerFile.ftl,someFreeMarkerFile.ftl,25,2,22,1,1,857,23
JavaServer Pages,/core/src/test/resources/org/apache/struts2/dispatcher/someJspFile.jsp,someJspFile.jsp,57,16,41,0,1,2012,34
Plain Text,/core/src/test/resources/com/opensymphony/xwork2/somefile.txt,somefile.txt,9,9,0,0,0,44,10
Freemarker Template,/core/src/test/resources/org/apache/struts2/views/freemarker/something.ftl,something.ftl,24,2,22,0,0,944,23
HTML,/core/src/site/resources/tags/sort.html,sort.html,64,53,8,3,0,2123,48
XML,/assembly/src/main/assembly/src.xml,src.xml,122,94,23,5,0,3889,74
Freemarker Template,/apps/showcase/src/main/webapp/WEB-INF/freemarker/standardTags.ftl,standardTags.ftl,24,20,0,4,0,486,20
JavaServer Pages,/apps/showcase/src/main/webapp/WEB-INF/validation/storeErrorsAcrossRequestCancel.jsp,storeErrorsAcrossRequestCancel.jsp,28,23,0,5,0,617,23
JavaServer Pages,/apps/showcase/src/main/webapp/WEB-INF/validation/storeErrorsAcrossRequestExample.jsp,storeErrorsAcrossRequestExample.jsp,52,48,0,4,0,1599,42
JavaServer Pages,/apps/showcase/src/main/webapp/WEB-INF/validation/storeErrorsAcrossRequestOk.jsp,storeErrorsAcrossRequestOk.jsp,29,23,0,6,0,601,23
Document Type Definition,/core/src/main/resources/struts-2.0.dtd,struts-2.0.dtd,140,116,0,24,0,3391,85
Document Type Definition,/core/src/main/resources/struts-2.1.7.dtd,struts-2.1.7.dtd,149,124,0,25,0,3816,90
Document Type Definition,/core/src/main/resources/struts-2.1.dtd,struts-2.1.dtd,146,121,0,25,0,3765,88
Document Type Definition,/core/src/main/resources/struts-2.3.dtd,struts-2.3.dtd,152,126,0,26,0,3764,91
Document Type Definition,/core/src/main/resources/struts-2.5.dtd,struts-2.5.dtd,153,126,0,27,0,3792,91
XML,/apps/showcase/src/main/resources/struts-actionchaining.xml,struts-actionchaining.xml,20,17,0,3,0,785,17
XML,/plugins/junit/src/test/resources/struts-convention-configuration.xml,struts-convention-configuration.xml,40,10,24,6,0,1372,33
XML,/apps/showcase/src/main/resources/struts-conversion.xml,struts-conversion.xml,78,67,3,8,0,3437,57
XML,/core/src/main/resources/struts-default.xml,struts-default.xml,378,252,71,55,0,26799,262
XML,/apps/showcase/src/main/resources/struts-filedownload.xml,struts-filedownload.xml,36,30,0,6,0,1477,26
XML,/apps/showcase/src/main/resources/struts-fileupload.xml,struts-fileupload.xml,39,27,0,12,0,1419,24
XML,/apps/showcase/src/main/resources/struts-freemarker.xml,struts-freemarker.xml,16,14,0,2,0,681,15
XML,/apps/showcase/src/main/resources/struts-hangman.xml,struts-hangman.xml,44,40,0,4,0,1797,30
XML,/apps/showcase/src/main/resources/struts-interactive.xml,struts-interactive.xml,21,20,0,1,0,907,19
Properties File,/core/src/main/resources/org/apache/struts2/struts-messages.properties,struts-messages.properties,40,15,21,4,0,2328,33
Properties File,/core/src/main/resources/org/apache/struts2/struts-messages_da.properties,struts-messages_da.properties,37,13,21,3,0,2098,31
Properties File,/core/src/main/resources/org/apache/struts2/struts-messages_de.properties,struts-messages_de.properties,39,14,21,4,0,2435,32
Properties File,/core/src/main/resources/org/apache/struts2/struts-messages_en.properties,struts-messages_en.properties,44,15,23,6,0,2455,35
Properties File,/core/src/main/resources/org/apache/struts2/struts-messages_pl.properties,struts-messages_pl.properties,38,14,21,3,0,2337,32
Properties File,/core/src/main/resources/org/apache/struts2/struts-messages_pt.properties,struts-messages_pt.properties,37,13,21,3,0,2232,31
XML,/apps/showcase/src/main/resources/struts-model-driven.xml,struts-model-driven.xml,19,14,2,3,0,814,18
XML,/core/src/test/resources/org/apache/struts2/dispatcher/ng/struts-no-op.xml,struts-no-op.xml,26,4,22,0,0,1047,24
XML,/core/src/test/resources/struts-object-factory-result-builder.xml,struts-object-factory-result-builder.xml,34,8,22,4,0,1237,29
Properties File,/plugins/osgi/src/main/resources/struts-osgi.properties,struts-osgi.properties,25,7,16,2,0,1153,24
XML,/apps/showcase/src/main/resources/struts-person.xml,struts-person.xml,13,7,2,4,0,349,10
XML,/plugins/bean-validation/src/main/resources/struts-plugin.xml,struts-plugin.xml,75,44,22,9,0,3275,63
XML,/plugins/osgi/src/main/resources/struts-plugin.xml,struts-plugin.xml,35,27,0,8,0,1937,29
XML,/plugins/portlet-tiles/src/main/resources/struts-plugin.xml,struts-plugin.xml,42,14,22,6,0,1527,35
XML,/plugins/portlet/src/main/resources/struts-plugin.xml,struts-plugin.xml,78,44,24,10,0,3917,62
XML,/plugins/config-browser/src/main/resources/struts-plugin.xml,struts-plugin.xml,86,46,22,18,0,3631,62
XML,/plugins/jasperreports/src/main/resources/struts-plugin.xml,struts-plugin.xml,36,11,22,3,0,1263,33
XML,/plugins/sitemesh/src/main/resources/struts-plugin.xml,struts-plugin.xml,31,8,22,1,0,1227,30
XML,/plugins/oval/src/main/resources/struts-plugin.xml,struts-plugin.xml,68,40,22,6,0,2908,58
XML,/plugins/tiles/src/main/resources/struts-plugin.xml,struts-plugin.xml,34,11,22,1,0,1240,32
XML,/plugins/gxp/src/main/resources/struts-plugin.xml,struts-plugin.xml,14,12,0,2,0,583,14
XML,/plugins/cdi/src/main/resources/struts-plugin.xml,struts-plugin.xml,35,9,21,5,0,1336,31
XML,/plugins/jfreechart/src/main/resources/struts-plugin.xml,struts-plugin.xml,39,14,22,3,0,1341,36
XML,/plugins/embeddedjsp/src/main/resources/struts-plugin.xml,struts-plugin.xml,34,11,22,1,0,1355,33
XML,/plugins/plexus/src/main/resources/struts-plugin.xml,struts-plugin.xml,33,8,23,2,0,1285,31
XML,/plugins/rest/src/main/resources/struts-plugin.xml,struts-plugin.xml,116,69,33,14,0,6084,94
XML,/plugins/javatemplates/src/main/resources/struts-plugin.xml,struts-plugin.xml,32,8,20,4,0,1261,28
XML,/plugins/pell-multipart/src/main/resources/struts-plugin.xml,struts-plugin.xml,30,7,22,1,0,1189,29
XML,/plugins/convention/src/main/resources/struts-plugin.xml,struts-plugin.xml,73,41,23,9,0,4442,63
XML,/plugins/spring/src/main/resources/struts-plugin.xml,struts-plugin.xml,43,16,23,4,0,1733,39
XML,/plugins/json/src/main/resources/struts-plugin.xml,struts-plugin.xml,32,24,1,7,0,1233,26
XML,/plugins/junit/src/test/resources/struts-session-values-test.xml,struts-session-values-test.xml,37,14,20,3,0,1489,31
XML,/apps/showcase/src/main/resources/struts-tags-non-ui.xml,struts-tags-non-ui.xml,139,101,24,14,0,7140,93
XML,/apps/showcase/src/main/resources/struts-tags-ui.xml,struts-tags-ui.xml,92,71,5,16,0,4225,60
XML,/apps/showcase/src/main/resources/struts-tags.xml,struts-tags.xml,9,8,0,1,0,287,9
XML,/plugins/junit/src/test/resources/struts-test.xml,struts-test.xml,34,11,20,3,0,1295,30
XML,/apps/showcase/src/main/resources/struts-tiles.xml,struts-tiles.xml,30,23,0,7,0,951,21
XML,/apps/showcase/src/main/resources/struts-token.xml,struts-token.xml,64,49,0,15,0,2894,29
XML,/apps/showcase/src/main/resources/struts-validation.xml,struts-validation.xml,154,99,19,36,0,6846,79
XML,/apps/showcase/src/main/resources/struts-wait.xml,struts-wait.xml,49,40,0,9,0,1883,28
XML,/apps/showcase/src/main/resources/struts-xslt.xml,struts-xslt.xml,40,30,0,10,0,1243,24
Properties File,/core/src/test/resources/struts.properties,struts.properties,47,10,29,8,0,1688,36
XML,/bundles/admin/src/main/resources/struts.xml,struts.xml,49,22,20,7,0,1903,39
XML,/apps/showcase/src/main/resources/struts.xml,struts.xml,135,96,4,35,0,5402,82
XML,/plugins/sitegraph/src/test/resources/org/apache/struts2/sitegraph/struts.xml,struts.xml,59,32,22,5,0,2439,46
XML,/apps/rest-showcase/src/main/resources/struts.xml,struts.xml,40,13,23,4,0,1633,35
XML,/plugins/portlet/src/test/resources/struts.xml,struts.xml,16,11,0,5,0,484,12
XML,/core/src/test/resources/struts.xml,struts.xml,98,64,22,12,0,4107,60
XML,/plugins/junit/src/test/resources/struts.xml,struts.xml,33,12,20,1,0,1382,31
XML,/bundles/demo/src/main/resources/struts.xml,struts.xml,20,18,0,2,0,779,17
CSS,/core/src/main/resources/template/css_xhtml/styles.css,styles.css,40,18,20,2,0,1444,37
CSS,/core/src/main/resources/template/xhtml/styles.css,styles.css,44,20,20,4,0,1621,39
Freemarker Template,/core/src/main/resources/template/xhtml/submit-close.ftl,submit-close.ftl,25,3,22,0,0,1016,24
Freemarker Template,/core/src/main/resources/template/css_xhtml/submit-close.ftl,submit-close.ftl,11,11,0,0,7,365,11
Freemarker Template,/core/src/main/resources/template/simple/submit-close.ftl,submit-close.ftl,6,6,0,0,3,240,7
Freemarker Template,/core/src/main/resources/template/simple/submit.ftl,submit.ftl,93,71,22,0,22,3076,54
Freemarker Template,/core/src/main/resources/template/xhtml/submit.ftl,submit.ftl,25,3,22,0,0,942,24
Freemarker Template,/core/src/main/resources/template/css_xhtml/submit.ftl,submit.ftl,38,16,22,0,8,1276,35
HTML,/core/src/site/resources/tags/ajax/submit.html,submit.html,592,581,8,3,0,25689,188
HTML,/core/src/site/resources/tags/submit.html,submit.html,424,413,8,3,0,17931,141
HTML,/core/src/site/resources/tags/subset.html,subset.html,80,69,8,3,0,3074,52
JavaServer Pages,/apps/showcase/src/main/webapp/WEB-INF/tags/non-ui/iteratorTag/subsetIteratorTagDemo.jsp,subsetIteratorTagDemo.jsp,29,26,0,3,0,792,26
JavaServer Pages,/apps/showcase/src/main/webapp/WEB-INF/tags/non-ui/iteratorTag/subsetIteratorTagDemoResult.jsp,subsetIteratorTagDemoResult.jsp,30,26,0,4,0,782,26
JavaServer Pages,/apps/showcase/src/main/webapp/WEB-INF/validation/successClientSideValidationExample.jsp,successClientSideValidationExample.jsp,62,57,0,5,0,1877,43
JavaServer Pages,/apps/showcase/src/main/webapp/WEB-INF/validation/successFieldValidatorsExample.jsp,successFieldValidatorsExample.jsp,63,57,0,6,0,1800,45
JavaServer Pages,/apps/showcase/src/main/webapp/WEB-INF/validation/successNonFieldValidatorsExample.jsp,successNonFieldValidatorsExample.jsp,43,37,0,6,0,1018,34
JavaServer Pages,/apps/showcase/src/main/webapp/WEB-INF/validation/successVisitorValidatorsExample.jsp,successVisitorValidatorsExample.jsp,44,37,0,7,0,985,34
HTML,/core/src/site/resources/tags/ajax/tabbedpanel.html,tabbedpanel.html,440,429,8,3,0,19390,146
JavaServer Pages,/plugins/embeddedjsp/src/test/resources/org/apache/struts2/tag0.jsp,tag0.jsp,5,5,0,0,0,163,5
XML,/plugins/embeddedjsp/src/main/java/org/apache/struts2/jasper/tagplugins/jstl/tagPlugins.xml,tagPlugins.xml,63,47,16,0,0,2986,42
Freemarker Template,/plugins/junit/src/test/resources/template-1.ftl,template-1.ftl,21,1,20,0,0,846,19
Freemarker Template,/plugins/junit/src/test/resources/template-2.ftl,template-2.ftl,21,1,20,0,0,847,19
Freemarker Template,/plugins/junit/src/test/resources/template-session.ftl,template-session.ftl,21,1,20,0,0,862,19
Freemarker Template,/plugins/junit/src/test/resources/template2.ftl,template2.ftl,21,1,20,0,0,846,19
Properties File,/core/src/test/resources/org/apache/struts2/components/tempo.properties,tempo.properties,20,0,20,0,0,797,17
Properties File,/core/src/test/resources/com/opensymphony/xwork2/conversion/impl/test-xwork-conversion.properties,test-xwork-conversion.properties,1,1,0,0,0,88,1
Properties File,/core/src/test/resources/com/opensymphony/xwork2/test.properties,test.properties,1,1,0,0,0,62,2
Properties File,/core/src/test/resources/test.properties,test.properties,21,1,20,0,0,815,18
Freemarker Template,/apps/showcase/src/main/webapp/WEB-INF/tags/non-ui/ifTag/testIf.ftl,testIf.ftl,618,593,0,25,0,9409,83
JavaServer Pages,/apps/showcase/src/main/webapp/WEB-INF/tags/non-ui/ifTag/testIf.jsp,testIf.jsp,619,618,0,1,0,9625,84
Properties File,/core/src/test/resources/testmessages.properties,testmessages.properties,22,2,20,0,0,901,19
Properties File,/core/src/test/resources/testmessages2.properties,testmessages2.properties,21,1,20,0,0,847,18
Freemarker Template,/core/src/main/resources/template/simple/text.ftl,text.ftl,54,32,22,0,8,1923,45
Freemarker Template,/core/src/test/resources/template/test/text.ftl,text.ftl,5,5,0,0,1,101,5
Freemarker Template,/core/src/main/resources/template/xhtml/text.ftl,text.ftl,25,3,22,0,0,1057,24
HTML,/core/src/site/resources/tags/text.html,text.html,64,53,8,3,0,2094,48
Freemarker Template,/core/src/main/resources/template/simple/textarea.ftl,textarea.ftl,53,31,22,0,7,1879,45
Freemarker Template,/core/src/main/resources/template/xhtml/textarea.ftl,textarea.ftl,25,3,22,0,0,1061,24
HTML,/core/src/site/resources/tags/ajax/textarea.html,textarea.html,408,397,8,3,0,17069,137
HTML,/core/src/site/resources/tags/textarea.html,textarea.html,416,405,8,3,0,17431,139
HTML,/core/src/site/resources/tags/textfield.html,textfield.html,424,413,8,3,0,17838,142
Properties File,/core/src/main/resources/template/css_xhtml/theme.properties,theme.properties,21,1,20,0,0,812,18
Properties File,/apps/showcase/src/main/resources/template/ajaxErrorContainers/theme.properties,theme.properties,21,1,20,0,0,812,18
Properties File,/core/src/main/resources/template/xhtml/theme.properties,theme.properties,21,1,20,0,0,813,18
Properties File,/core/src/test/resources/org/apache/struts2/components/template/theme1/themeThroughClassPath.properties,themeThroughClassPath.properties,21,1,20,0,0,810,18
Properties File,/core/src/test/resources/org/apache/struts2/components/template/theme1/themeThroughFileSystem.properties,themeThroughFileSystem.properties,21,1,20,0,0,810,18
Freemarker Template,/plugins/config-browser/src/main/resources/config-browser/tigris-macros.ftl,tigris-macros.ftl,130,91,26,13,7,2928,82
XML,/apps/showcase/src/main/webapp/WEB-INF/tiles.xml,tiles.xml,54,26,21,7,0,2300,39
Freemarker Template,/core/src/main/resources/template/simple/token.ftl,token.ftl,24,2,22,0,0,1013,22
HTML,/core/src/site/resources/tags/token.html,token.html,384,373,8,3,0,16159,130
Plain Text,/core/src/test/resources/org/apache/struts2/views/jsp/ui/tooltip-1.txt,tooltip-1.txt,21,19,0,2,0,653,19
Plain Text,/core/src/test/resources/org/apache/struts2/views/jsp/ui/tooltip-2.txt,tooltip-2.txt,19,19,0,0,0,650,18
Plain Text,/core/src/test/resources/org/apache/struts2/views/jsp/ui/tooltip-3.txt,tooltip-3.txt,21,19,0,2,0,655,19
Plain Text,/core/src/test/resources/org/apache/struts2/views/jsp/ui/tooltip-4.txt,tooltip-4.txt,19,16,0,3,0,424,17
Freemarker Template,/core/src/main/resources/template/xhtml/tooltip.ftl,tooltip.ftl,41,19,22,0,7,1648,40
JavaServer Pages,/apps/showcase/src/main/webapp/WEB-INF/token/transferDone.jsp,transferDone.jsp,48,39,0,9,0,1200,34
HTML,/core/src/site/resources/tags/ajax/tree.html,tree.html,600,589,8,3,0,25752,190
HTML,/core/src/site/resources/tags/ajax/treenode.html,treenode.html,376,365,8,3,0,15810,129
Freemarker Template,/apps/showcase/src/main/webapp/WEB-INF/hangman/updateCharacterAvailable.ftl,updateCharacterAvailable.ftl,45,29,13,3,4,2144,43
Freemarker Template,/apps/showcase/src/main/webapp/WEB-INF/hangman/updateGuessLeft.ftl,updateGuessLeft.ftl,7,6,0,1,1,330,7
Freemarker Template,/apps/showcase/src/main/webapp/WEB-INF/hangman/updateScaffold.ftl,updateScaffold.ftl,3,3,0,0,0,220,4
Freemarker Template,/apps/showcase/src/main/webapp/WEB-INF/hangman/updateVocabCharacters.ftl,updateVocabCharacters.ftl,20,20,0,0,4,1077,18
Freemarker Template,/core/src/main/resources/template/xhtml/updownselect.ftl,updownselect.ftl,25,3,22,0,0,1071,24
Freemarker Template,/core/src/main/resources/template/simple/updownselect.ftl,updownselect.ftl,57,35,22,0,14,2762,44
HTML,/core/src/site/resources/tags/updownselect.html,updownselect.html,536,525,8,3,0,23252,174
Plain Text,/core/src/test/resources/org/apache/struts2/views/jsp/ui/updownselecttag-1.txt,updownselecttag-1.txt,20,20,0,0,0,1004,19
Plain Text,/core/src/test/resources/org/apache/struts2/views/jsp/ui/updownselecttag-10.txt,updownselecttag-10.txt,20,20,0,0,0,968,19
Plain Text,/core/src/test/resources/org/apache/struts2/views/jsp/ui/updownselecttag-11.txt,updownselecttag-11.txt,20,20,0,0,0,970,19
Plain Text,/core/src/test/resources/org/apache/struts2/views/jsp/ui/updownselecttag-2.txt,updownselecttag-2.txt,19,19,0,0,0,934,18
Plain Text,/core/src/test/resources/org/apache/struts2/views/jsp/ui/updownselecttag-3.txt,updownselecttag-3.txt,21,21,0,0,0,1028,20
Plain Text,/core/src/test/resources/org/apache/struts2/views/jsp/ui/updownselecttag-4.txt,updownselecttag-4.txt,20,20,0,0,0,1000,19
Plain Text,/core/src/test/resources/org/apache/struts2/views/jsp/ui/updownselecttag-5.txt,updownselecttag-5.txt,20,20,0,0,0,962,19
Plain Text,/core/src/test/resources/org/apache/struts2/views/jsp/ui/updownselecttag-6.txt,updownselecttag-6.txt,19,19,0,0,0,842,18
Plain Text,/core/src/test/resources/org/apache/struts2/views/jsp/ui/updownselecttag-7.txt,updownselecttag-7.txt,19,19,0,0,0,846,18
Plain Text,/core/src/test/resources/org/apache/struts2/views/jsp/ui/updownselecttag-8.txt,updownselecttag-8.txt,19,19,0,0,0,844,18
Plain Text,/core/src/test/resources/org/apache/struts2/views/jsp/ui/updownselecttag-9.txt,updownselecttag-9.txt,20,20,0,0,0,971,19
JavaServer Pages,/apps/showcase/src/main/webapp/WEB-INF/fileupload/upload-success.jsp,upload-success.jsp,31,27,0,4,0,677,27
JavaServer Pages,/apps/showcase/src/main/webapp/WEB-INF/fileupload/upload.jsp,upload.jsp,27,24,0,3,0,696,24
HTML,/core/src/site/resources/tags/url.html,url.html,160,149,8,3,0,6252,73
JavaScript,/core/src/main/resources/org/apache/struts2/static/utils.js,utils.js,153,109,23,21,37,4706,109
JavaScript,/core/src/main/resources/template/css_xhtml/validation.js,validation.js,165,119,24,22,29,5458,112
JavaScript,/core/src/main/resources/template/xhtml/validation.js,validation.js,138,91,31,16,19,4577,103
XML,/apps/showcase/src/main/webapp/WEB-INF/validation.xml,validation.xml,37,17,10,10,0,906,28
Plain Text,/core/src/test/resources/org/apache/struts2/views/jsp/ui/validationstyles-1.txt,validationstyles-1.txt,7,7,0,0,0,370,7
Plain Text,/core/src/test/resources/org/apache/struts2/views/jsp/ui/validationstyles-2.txt,validationstyles-2.txt,7,7,0,0,0,344,7
Plain Text,/core/src/test/resources/org/apache/struts2/views/jsp/ui/validationstyles-3.txt,validationstyles-3.txt,7,7,0,0,0,344,7
XML,/core/src/test/resources/com/opensymphony/xwork2/validator/validator-parser-test.xml,validator-parser-test.xml,33,32,1,0,0,1518,29
XML,/core/src/test/resources/com/opensymphony/xwork2/validator/validator-parser-test2.xml,validator-parser-test2.xml,17,14,0,3,0,521,17
XML,/core/src/test/resources/com/opensymphony/xwork2/validator/validator-parser-test3.xml,validator-parser-test3.xml,11,11,0,0,0,535,11
XML,/core/src/test/resources/com/opensymphony/xwork2/validator/validator-parser-test4.xml,validator-parser-test4.xml,12,11,0,1,0,525,11
XML,/core/src/test/resources/com/opensymphony/xwork2/validator/validator-parser-test5.xml,validator-parser-test5.xml,4,4,0,0,0,201,5
XML,/core/src/test/resources/com/opensymphony/xwork2/validator/validator-parser-test6.xml,validator-parser-test6.xml,27,25,0,2,0,1038,23
Freemarker Template,/plugins/config-browser/src/main/resources/config-browser/validatorDetails.ftl,validatorDetails.ftl,44,22,22,0,5,1874,43
XML,/core/src/test/resources/com/opensymphony/xwork2/validator/validators-fail.xml,validators-fail.xml,21,19,2,0,0,1722,22
XML,/core/src/test/resources/validators.xml,validators.xml,20,20,0,0,0,1762,21
Properties File,/apps/rest-showcase/src/main/resources/velocity.properties,velocity.properties,1,1,0,0,0,73,2
Properties File,/apps/showcase/src/main/resources/velocity.properties,velocity.properties,1,1,0,0,0,73,2
Freemarker Template,/plugins/junit/src/test/resources/view-success.ftl,view-success.ftl,25,25,0,0,0,898,23
Freemarker Template,/bundles/admin/src/main/resources/osgi/admin/viewBundle.ftl,viewBundle.ftl,147,137,0,10,10,5162,100
Freemarker Template,/bundles/admin/src/main/resources/osgi/admin/viewBundles.ftl,viewBundles.ftl,71,66,0,5,4,2906,60
JavaServer Pages,/apps/showcase/src/main/webapp/WEB-INF/viewSource.jsp,viewSource.jsp,54,49,0,5,0,1396,44
JavaServer Pages,/apps/showcase/src/main/webapp/WEB-INF/validation/visitorValidatorsExample.jsp,visitorValidatorsExample.jsp,41,32,0,9,0,920,33
Freemarker Template,/core/src/main/resources/org/apache/struts2/interceptor/wait.ftl,wait.ftl,33,11,22,0,0,1141,32
JavaServer Pages,/apps/showcase/src/main/webapp/WEB-INF/wait/wait.jsp,wait.jsp,53,41,0,12,0,1231,33
XML,/apps/rest-showcase/src/main/webapp/WEB-INF/web.xml,web.xml,46,32,5,9,0,1500,37
XML,/apps/showcase/src/main/webapp/WEB-INF/web.xml,web.xml,194,109,59,26,0,6429,103
CSS,/core/src/main/resources/org/apache/struts2/interceptor/debugging/webconsole.css,webconsole.css,40,19,20,1,0,1156,32
HTML,/core/src/main/resources/org/apache/struts2/interceptor/debugging/webconsole.html,webconsole.html,44,22,22,0,0,1464,43
JavaScript,/core/src/main/resources/org/apache/struts2/interceptor/debugging/webconsole.js,webconsole.js,74,50,18,6,6,2880,60
XML,/src/main/idea/workspace.xml,workspace.xml,101,78,22,1,0,4922,76
HTML,/core/src/site/confluence/ww-template-autoexport.html,ww-template-autoexport.html,177,126,42,9,0,7305,151
XML,/core/src/test/resources/com/opensymphony/xwork2/util/location/xml-with-location.xml,xml-with-location.xml,8,8,0,0,0,215,9
XML,/core/src/test/resources/com/opensymphony/xwork2/config/providers/xwork- test.xml,xwork- test.xml,81,69,0,12,0,3183,54
Document Type Definition,/core/src/test/resources/xwork-1.0.dtd,xwork-1.0.dtd,1,1,0,0,0,19,1
Document Type Definition,/core/src/main/resources/xwork-1.0.dtd,xwork-1.0.dtd,87,68,0,19,0,1779,51
Document Type Definition,/core/src/main/resources/xwork-1.1.1.dtd,xwork-1.1.1.dtd,104,81,0,23,0,2228,61
Document Type Definition,/core/src/main/resources/xwork-1.1.2.dtd,xwork-1.1.2.dtd,112,87,0,25,0,2380,64
Document Type Definition,/core/src/main/resources/xwork-1.1.dtd,xwork-1.1.dtd,96,75,0,21,0,2044,57
Document Type Definition,/core/src/main/resources/xwork-2.0.dtd,xwork-2.0.dtd,118,93,0,25,0,2479,67
Document Type Definition,/core/src/main/resources/xwork-2.1.3.dtd,xwork-2.1.3.dtd,127,101,0,26,0,2699,71
Document Type Definition,/core/src/main/resources/xwork-2.1.dtd,xwork-2.1.dtd,124,98,0,26,0,2652,69
Document Type Definition,/core/src/main/resources/xwork-2.3.dtd,xwork-2.3.dtd,130,103,0,27,0,2796,73
Document Type Definition,/core/src/main/resources/xwork-2.5.dtd,xwork-2.5.dtd,132,104,0,28,0,2871,74
XML,/core/src/test/resources/com/opensymphony/xwork2/spring/xwork-autowire.xml,xwork-autowire.xml,22,19,0,3,0,1183,20
XML,/core/src/test/resources/xwork-class-param-test.xml,xwork-class-param-test.xml,11,8,0,3,0,348,9
Properties File,/core/src/main/resources/xwork-default-conversion.properties,xwork-default-conversion.properties,1,1,0,0,0,65,2
XML,/core/src/main/resources/xwork-default.xml,xwork-default.xml,67,41,12,14,0,3834,53
XML,/core/src/test/resources/com/opensymphony/xwork2/config/providers/xwork-include-after-package-2.xml,xwork-include-after-package-2.xml,14,12,0,2,0,415,13
XML,/core/src/test/resources/com/opensymphony/xwork2/config/providers/xwork-include-after-package.xml,xwork-include-after-package.xml,20,16,0,4,0,681,17
XML,/core/src/test/resources/com/opensymphony/xwork2/config/providers/xwork-include-before-package-2.xml,xwork-include-before-package-2.xml,14,12,0,2,0,415,13
XML,/core/src/test/resources/com/opensymphony/xwork2/config/providers/xwork-include-before-package.xml,xwork-include-before-package.xml,22,17,0,5,0,721,18
XML,/core/src/test/resources/com/opensymphony/xwork2/config/providers/xwork-include-parent.xml,xwork-include-parent.xml,22,17,0,5,0,722,18
Properties File,/core/src/main/resources/com/opensymphony/xwork2/xwork-messages.properties,xwork-messages.properties,10,5,4,1,0,460,9
XML,/core/src/test/resources/xwork-param-test.xml,xwork-param-test.xml,9,8,0,1,0,372,9
XML,/core/src/test/resources/xwork-proxyinvoke.xml,xwork-proxyinvoke.xml,48,40,0,8,0,2494,39
XML,/core/src/test/resources/xwork-sample.xml,xwork-sample.xml,248,208,4,36,0,10438,130
XML,/core/src/test/resources/com/opensymphony/xwork2/config/providers/xwork-test-action-invalid.xml,xwork-test-action-invalid.xml,23,18,0,5,0,708,17
XML,/core/src/test/resources/com/opensymphony/xwork2/config/providers/xwork-test-actions-packagedefaultclassref.xml,xwork-test-actions-packagedefaultclassref.xml,41,33,1,7,0,1532,35
XML,/core/src/test/resources/com/opensymphony/xwork2/config/providers/xwork-test-actions.xml,xwork-test-actions.xml,81,69,0,12,0,3183,54
XML,/core/src/test/resources/com/opensymphony/xwork2/config/providers/xwork-test-allowed-methods.xml,xwork-test-allowed-methods.xml,50,40,0,10,0,1352,21
XML,/core/src/test/resources/com/opensymphony/xwork2/config/providers/xwork-test-bad-inheritance.xml,xwork-test-bad-inheritance.xml,17,12,0,5,0,500,14
XML,/core/src/test/resources/com/opensymphony/xwork2/config/providers/xwork-test-basic-packages.xml,xwork-test-basic-packages.xml,13,10,0,3,0,324,11
XML,/core/src/test/resources/xwork-test-beans.xml,xwork-test-beans.xml,9,6,0,3,0,349,7
XML,/core/src/test/resources/com/opensymphony/xwork2/config/providers/xwork-test-default-package.xml,xwork-test-default-package.xml,9,8,0,1,0,208,9
XML,/core/src/test/resources/xwork-test-default.xml,xwork-test-default.xml,40,36,0,4,0,2104,36
XML,/core/src/test/resources/com/opensymphony/xwork2/config/providers/xwork-test-defaultclassref-package.xml,xwork-test-defaultclassref-package.xml,11,10,0,1,0,299,11
XML,/core/src/test/resources/com/opensymphony/xwork2/config/providers/xwork-test-envs-substitution.xml,xwork-test-envs-substitution.xml,17,12,0,5,0,491,13
XML,/core/src/test/resources/com/opensymphony/xwork2/config/providers/xwork-test-exception-mappings.xml,xwork-test-exception-mappings.xml,33,27,1,5,0,1287,29
XML,/core/src/test/resources/com/opensymphony/xwork2/config/providers/xwork-test-global-result-inheritence.xml,xwork-test-global-result-inheritence.xml,48,44,0,4,0,1378,32
XML,/core/src/test/resources/com/opensymphony/xwork2/config/providers/xwork-test-include-wildcard.xml,xwork-test-include-wildcard.xml,8,7,0,1,0,216,8
XML,/core/src/test/resources/com/opensymphony/xwork2/config/providers/xwork-test-interceptor-defaultref.xml,xwork-test-interceptor-defaultref.xml,30,23,3,4,0,1336,24
XML,/core/src/test/resources/com/opensymphony/xwork2/config/providers/xwork-test-interceptor-inheritance.xml,xwork-test-interceptor-inheritance.xml,34,30,0,4,0,1082,22
XML,/core/src/test/resources/com/opensymphony/xwork2/config/providers/xwork-test-interceptor-param-overriding.xml,xwork-test-interceptor-param-overriding.xml,44,38,0,6,0,1615,40
XML,/core/src/test/resources/com/opensymphony/xwork2/config/providers/xwork-test-interceptor-params.xml,xwork-test-interceptor-params.xml,37,31,0,6,0,1381,29
XML,/core/src/test/resources/com/opensymphony/xwork2/config/providers/xwork-test-interceptor-stack-param-overriding.xml,xwork-test-interceptor-stack-param-overriding.xml,51,43,0,8,0,1848,40
XML,/core/src/test/resources/com/opensymphony/xwork2/config/providers/xwork-test-interceptors-basic.xml,xwork-test-interceptors-basic.xml,27,24,0,3,0,1021,24
XML,/core/src/test/resources/com/opensymphony/xwork2/config/providers/xwork-test-interceptors-spring.xml,xwork-test-interceptors-spring.xml,13,12,0,1,0,334,13
XML,/core/src/test/resources/com/opensymphony/xwork2/config/providers/xwork-test-invalid-file.xml,xwork-test-invalid-file.xml,9,9,0,0,0,397,10
XML,/core/src/test/resources/com/opensymphony/xwork2/config/providers/loadorder1/xwork-test-load-order.xml,xwork-test-load-order.xml,7,6,0,1,0,146,7
XML,/core/src/test/resources/com/opensymphony/xwork2/config/providers/loadorder3/xwork-test-load-order.xml,xwork-test-load-order.xml,7,6,0,1,0,146,7
XML,/core/src/test/resources/com/opensymphony/xwork2/config/providers/loadorder2/xwork-test-load-order.xml,xwork-test-load-order.xml,7,6,0,1,0,146,7
XML,/core/src/test/resources/com/opensymphony/xwork2/config/providers/xwork-test-multilevel.xml,xwork-test-multilevel.xml,45,37,0,8,0,1594,27
XML,/core/src/test/resources/com/opensymphony/xwork2/config/providers/xwork-test-package-inheritance.xml,xwork-test-package-inheritance.xml,27,22,0,5,0,1054,20
XML,/core/src/test/resources/com/opensymphony/xwork2/config/providers/xwork-test-result-inheritance.xml,xwork-test-result-inheritance.xml,26,23,0,3,0,932,21
XML,/core/src/test/resources/com/opensymphony/xwork2/config/providers/xwork-test-result-names.xml,xwork-test-result-names.xml,48,39,0,9,0,1182,30
XML,/core/src/test/resources/com/opensymphony/xwork2/config/providers/xwork-test-result-types.xml,xwork-test-result-types.xml,54,47,0,7,0,1647,36
XML,/core/src/test/resources/com/opensymphony/xwork2/config/providers/xwork-test-results.xml,xwork-test-results.xml,32,28,1,3,0,1217,29
XML,/core/src/test/resources/xwork-test-validation.xml,xwork-test-validation.xml,64,54,0,10,0,3070,46
XML,/core/src/test/resources/com/opensymphony/xwork2/config/providers/xwork-test-wildcard-1.xml,xwork-test-wildcard-1.xml,8,7,0,1,0,169,8
XML,/core/src/test/resources/com/opensymphony/xwork2/config/providers/xwork-test-wildcard-2.xml,xwork-test-wildcard-2.xml,8,7,0,1,0,169,8
XML,/core/src/test/resources/com/opensymphony/xwork2/config/providers/xwork-test-wildcard-include.xml,xwork-test-wildcard-include.xml,12,10,1,1,0,400,12
XML,/core/src/test/resources/com/opensymphony/xwork2/config/providers/xwork-unknownhandler-stack-empty.xml,xwork-unknownhandler-stack-empty.xml,12,10,0,2,0,464,11
XML,/core/src/test/resources/com/opensymphony/xwork2/config/providers/xwork-unknownhandler-stack.xml,xwork-unknownhandler-stack.xml,14,12,0,2,0,550,13
Document Type Definition,/core/src/main/resources/xwork-validator-1.0.2.dtd,xwork-validator-1.0.2.dtd,42,31,0,11,0,774,27
Document Type Definition,/core/src/main/resources/xwork-validator-1.0.3.dtd,xwork-validator-1.0.3.dtd,42,31,0,11,0,778,26
Document Type Definition,/core/src/main/resources/xwork-validator-1.0.dtd,xwork-validator-1.0.dtd,40,29,0,11,0,693,26
Document Type Definition,/core/src/main/resources/xwork-validator-config-1.0.dtd,xwork-validator-config-1.0.dtd,17,14,0,3,0,400,15
Document Type Definition,/core/src/main/resources/xwork-validator-definition-1.0.dtd,xwork-validator-definition-1.0.dtd,19,14,0,5,0,418,15
